    0.02033323
   -0.31458675
    0.25081643
   -0.34549040
    0.09422697
    0.05953050
   -0.47259924
    0.08773887
   -0.32021703
    0.24534129
   -0.34590605
    0.07561913
    0.06103723
   -0.47376218
    0.09322539
   -0.47321700
    0.10285175
   -0.48102716
    0.08827531
   -0.46767731
    0.08811501
   -0.45959218
    0.09080381
   -0.47804822
    0.06198895
    0.04872473
    0.08735949
   -0.00057352
    0.03456647
    0.06723055
    0.07422681
    0.33951655
    0.05747797
    0.02162265
    0.07887325
    0.05076235
    0.05402551
    0.35057286
    0.02489622
    0.35318972
    0.03912118
    0.35486825
    0.03657560
    0.35848654
    0.06241960
    0.32476970
    0.03608121
    0.35742597
