           1           2  0.96237021095418107     
           2           3   1.0142895455886045     
           3           4  0.95415457946975968     
           4           5  0.96732253221057363     
           5           6  0.97434809748311524     
           6           7   1.0102033841061488     
           5           8  0.96051079090061275     
           8           9  0.95805847110330977     
           9          10  0.98735777585171169     
          10          11  0.97719011381932441     
          11          12  0.95191071302491215     
          12          13  0.96983116151772064     
          13          14   1.0090557374232318     
          12          15  0.96349627608586097     
          15          16   1.0052557736788708     
          15          17  0.96958869820033400     
          17          18   1.0026865944260441     
          10          19  0.94284561173762760     
          17          19  0.96727703904866802     
          19          20   1.0051156739677596     
           8          21  0.96538054636742132     
          21          22   1.0003858356914219     
           3          23  0.95812614793927298     
          21          23  0.96165620492868387     
          23          24   1.0054465916382664     
           1          25  0.98010059139826411     
           1          26  0.97831425075012624     
           1          27  0.97794269361468689     
           3          28  0.94128287924248322     
           5          29  0.95464958052208426     
           6          30  0.96844922789356969     
           6          31  0.95021998702217525     
           7          32  0.87160997876225244     
           8          33  0.95428629554062705     
          10          34  0.94894757407813757     
          12          35  0.95558663485859374     
          13          36  0.96982608179972662     
          13          37  0.96829476333006614     
          14          38  0.86535484797910600     
          15          39  0.95791204117997952     
          16          40  0.85104831365555489     
          17          41  0.95552430806899225     
          18          42  0.85374405043082668     
          19          43  0.95920774903350103     
          20          44  0.85362378368498448     
          21          45  0.95734114708696683     
          22          46  0.87433926111077609     
          23          47  0.95457984582616828     
          24          48  0.85335536277314161     
