    0.01295887
   -0.32869883
    0.24798768
   -0.36234682
    0.09607892
    0.07079491
   -0.48864176
    0.09343492
   -0.33915983
    0.23867285
   -0.36260879
    0.07896155
    0.06923305
   -0.48529949
    0.08794459
   -0.48308618
    0.09280663
   -0.50371107
    0.09626437
   -0.49709435
    0.09299633
   -0.48647753
    0.09703011
   -0.49548873
    0.06467961
    0.05735913
    0.09748617
    0.01177254
    0.04397139
    0.06084312
    0.06249854
    0.36978286
    0.04140985
    0.05644381
    0.06529704
    0.04924745
    0.06805915
    0.35390335
    0.05290621
    0.35790027
    0.03897045
    0.36943262
    0.03716008
    0.38278436
    0.03810490
    0.35306388
    0.04286222
    0.38150960
