           1           2  0.95502325378029995     
           2           3   1.0165954688980010     
           3           4  0.94583789044138966     
           4           5  0.96683233179519013     
           5           6  0.96972284751250548     
           6           7   1.0155873931868526     
           5           8  0.96699274595221485     
           8           9  0.96387479723637459     
           9          10  0.97115807040678992     
          10          11  0.97849244606454178     
          11          12  0.94629796452290893     
          12          13  0.97538347632367339     
          13          14   1.0125695224544748     
          12          15  0.96891892194486939     
          15          16   1.0053741197265118     
          15          17  0.95941272013594880     
          17          18  0.99735834349023711     
          10          19  0.95662643258829871     
          17          19  0.97187851206351805     
          19          20   1.0022924777570079     
           8          21  0.95945149343047276     
          21          22  0.99885700464276550     
           3          23  0.95857247083029684     
          21          23  0.96801763483947290     
          23          24   1.0074814268378391     
           1          25  0.98024009616391816     
           1          26  0.97789126417245087     
           1          27  0.97636906955136193     
           3          28  0.94172731718078051     
           5          29  0.95385942363734322     
           6          30  0.96517364787702142     
           6          31  0.96978595177973181     
           7          32  0.84905819538290173     
           8          33  0.95904092059457313     
          10          34  0.94718299136787953     
          12          35  0.94702961009052899     
          13          36  0.96591227860636397     
          13          37  0.96920669699922724     
          14          38  0.86021505730333903     
          15          39  0.95761102081335592     
          16          40  0.85411912681411484     
          17          41  0.95453002586063518     
          18          42  0.84229178122205983     
          19          43  0.95587008239386673     
          20          44  0.83598986329594860     
          21          45  0.95897935941356049     
          22          46  0.84970858784363801     
          23          47  0.95608093869711053     
          24          48  0.83766762148481544     
