    0.01826167
   -0.36411818
    0.23349280
   -0.35062172
    0.09187926
    0.07467437
   -0.49430478
    0.09045307
   -0.35967941
    0.23845742
   -0.34212797
    0.08558541
    0.06415240
   -0.49142192
    0.09401540
   -0.49810925
    0.09610639
   -0.50298841
    0.09450634
   -0.49342646
    0.10196065
   -0.47411745
    0.08927643
   -0.50253445
    0.05640731
    0.05619256
    0.09098293
    0.03781603
    0.06127279
    0.03708183
    0.06116832
    0.36461833
    0.06510086
    0.04658166
    0.04826906
    0.05680622
    0.06962220
    0.37256500
    0.03057150
    0.36302008
    0.05046169
    0.37072910
    0.03407337
    0.37592526
    0.06785735
    0.34860688
    0.05319852
    0.38169956
