           1           2  0.96058600901577051     
           2           3  0.97648445976615406     
           3           4  0.97495025842020155     
           4           5  0.95433130584421944     
           5           6  0.97935835094776447     
           6           7   1.0112492633868795     
           5           8  0.96850746656349318     
           8           9  0.95307220219082378     
           9          10  0.96304954731755332     
          10          11  0.98985168252714162     
          11          12  0.94872402094395736     
          12          13  0.97438568416783355     
          13          14   1.0088904216771368     
          12          15  0.96507301265704404     
          15          16   1.0030233037968097     
          15          17  0.96853740359694174     
          17          18  0.99435143651806668     
          10          19  0.95503821144328893     
          17          19  0.97158274859936733     
          19          20   1.0046645940260628     
           8          21  0.96117592682965491     
          21          22   1.0095771970953202     
           3          23  0.95578835629939662     
          21          23  0.96149130992338172     
          23          24   1.0065001725827416     
           1          25  0.98034407359635201     
           1          26  0.97777813772230737     
           1          27  0.97689512488894958     
           3          28  0.94487798918096622     
           5          29  0.95548938457704180     
           6          30  0.96667594352304498     
           6          31  0.96864972158712126     
           7          32  0.85256797045663268     
           8          33  0.95376653951876900     
          10          34  0.94709047176615768     
          12          35  0.95763007567628544     
          13          36  0.96866320158165609     
          13          37  0.96817294114616892     
          14          38  0.84875026841216661     
          15          39  0.95562933326893862     
          16          40  0.83304800634846055     
          17          41  0.95178968385910057     
          18          42  0.84707081091526781     
          19          43  0.95418973842089372     
          20          44  0.83862885765075124     
          21          45  0.95638504722994877     
          22          46  0.85352569970603120     
          23          47  0.95746883039260389     
          24          48  0.83890447536748391     
