    0.03061246
   -0.28385996
    0.24704417
   -0.34019123
    0.09462827
    0.07711940
   -0.44693932
    0.08951427
   -0.33614546
    0.24132520
   -0.34591597
    0.08218120
    0.06359010
   -0.43482964
    0.09314053
   -0.45613328
    0.10089739
   -0.44839129
    0.09455817
   -0.44402009
    0.09588829
   -0.46321356
    0.09736857
   -0.43149738
    0.05158611
    0.04005047
    0.07314751
    0.00921522
    0.03862243
    0.06964386
    0.03285217
    0.31059737
    0.03927038
    0.05110023
    0.05357654
    0.05781752
    0.06839439
    0.30642064
    0.03026319
    0.32393133
    0.04444835
    0.32004242
    0.03933196
    0.33465394
    0.03222170
    0.32610854
    0.05009811
    0.31987478
