           1           2  0.97477167425788891     
           2           3   1.0202057688306467     
           3           4  0.94357853155232352     
           4           5  0.98035164739588321     
           5           6  0.96897738535034306     
           6           7   1.0187007113636817     
           5           8  0.96181949709814152     
           8           9  0.94949832549589019     
           9          10  0.98848340658163536     
          10          11  0.96710851651273355     
          11          12  0.95370558565602070     
          12          13  0.97646259644505651     
          13          14   1.0040271556253364     
          12          15  0.96611838917247961     
          15          16   1.0045798961574770     
          15          17  0.96984564744920954     
          17          18  0.99699881733721707     
          10          19  0.95336059166594023     
          17          19  0.97404620659728791     
          19          20  0.99632322440046150     
           8          21  0.96347225570510009     
          21          22   1.0069466053860816     
           3          23  0.96091347145711348     
          21          23  0.96500291325303356     
          23          24   1.0085730961648109     
           1          25  0.97995508594480762     
           1          26  0.97761234344597880     
           1          27  0.97977319135181817     
           3          28  0.94130868551351499     
           5          29  0.95449439483293685     
           6          30  0.96796355405968681     
           6          31  0.96792451621604769     
           7          32  0.86721824091352773     
           8          33  0.95606229487829508     
          10          34  0.94649313871088459     
          12          35  0.95455414097777913     
          13          36  0.96790622578025221     
          13          37  0.96866434263474277     
          14          38  0.89229566944835215     
          15          39  0.95443533523889501     
          16          40  0.85625876966371528     
          17          41  0.95412841325367315     
          18          42  0.87857092485661070     
          19          43  0.95504105905442804     
          20          44  0.86523803094901663     
          21          45  0.95572791122866452     
          22          46  0.84033900759904490     
          23          47  0.95516561123088550     
          24          48  0.88001799723855434     
