    0.02015158
   -0.31242701
    0.25117958
   -0.34781545
    0.09413621
    0.07127789
   -0.46629877
    0.08679298
   -0.34092667
    0.23302953
   -0.34627077
    0.07592851
    0.06466812
   -0.46934154
    0.09354277
   -0.48353432
    0.10458912
   -0.48422083
    0.09242905
   -0.47842826
    0.08606388
   -0.46160617
    0.09242235
   -0.47695553
    0.05822439
    0.05061942
    0.08944415
    0.00432033
    0.03998750
    0.05029525
    0.07045172
    0.33746503
    0.05142520
    0.06913004
    0.06355915
    0.05267141
    0.06533167
    0.34960192
    0.02632575
    0.35031623
    0.02531849
    0.35344965
    0.03705334
    0.36114371
    0.06940614
    0.32992124
    0.03757912
    0.35857291
