           1           2  0.96295774535054701     
           2           3   1.0166807863070444     
           3           4  0.95023057259511789     
           4           5  0.96847418206342373     
           5           6  0.97632384150542773     
           6           7   1.0122874496272387     
           5           8  0.95776120073579940     
           8           9  0.95921427470872545     
           9          10  0.97353126596032946     
          10          11  0.98018329114834457     
          11          12  0.95271666526524368     
          12          13  0.97448361832470987     
          13          14   1.0074059523988499     
          12          15  0.96544507516473976     
          15          16   1.0037332165663186     
          15          17  0.97042902777901263     
          17          18  0.99635552548955164     
          10          19  0.95469835073302289     
          17          19  0.96867900629915393     
          19          20   1.0055696081699308     
           8          21  0.96255468844299386     
          21          22  0.99514258805182199     
           3          23  0.95886031735937161     
          21          23  0.96379258594486872     
          23          24   1.0068354748530042     
           1          25  0.98026882746282995     
           1          26  0.97790551245489254     
           1          27  0.97740737396236499     
           3          28  0.94114680518878424     
           5          29  0.95476092671243784     
           6          30  0.96574966594513389     
           6          31  0.96724416087768661     
           7          32  0.87140684509540389     
           8          33  0.95240345412932559     
          10          34  0.94388806467739883     
          12          35  0.94367699712185771     
          13          36  0.96892473325893091     
          13          37  0.96907553909809441     
          14          38  0.86461981733769766     
          15          39  0.95511593444324383     
          16          40  0.83867600141877785     
          17          41  0.95018233660239537     
          18          42  0.85734334104792087     
          19          43  0.95607046112650673     
          20          44  0.85173185121978001     
          21          45  0.95682692668077007     
          22          46  0.86903709950496910     
          23          47  0.95243419301057142     
          24          48  0.85287858324798682     
