    0.03250346
   -0.28705165
    0.24827145
   -0.34503534
    0.09315615
    0.07817011
   -0.42571587
    0.09122391
   -0.31604133
    0.24319883
   -0.34789280
    0.08277745
    0.07355344
   -0.42400103
    0.08798777
   -0.44116270
    0.10076517
   -0.44423187
    0.10096130
   -0.42263896
    0.08500813
   -0.42823544
    0.08984331
   -0.43400656
    0.04617118
    0.04259554
    0.07426296
    0.01135245
    0.04100777
    0.03687360
    0.06457728
    0.30651364
    0.02914370
    0.04439566
    0.04783385
    0.03502533
    0.05503015
    0.30676971
    0.02857515
    0.29961201
    0.04821475
    0.31659055
    0.03126818
    0.32516237
    0.07440592
    0.29106776
    0.03443398
    0.31770956
