           1           2  0.97503300455985953     
           2           3   1.0186351069313471     
           3           4  0.94584329783008758     
           4           5  0.96956908491884597     
           5           6  0.97424383823521821     
           6           7   1.0184006013501945     
           5           8  0.96316681700348172     
           8           9  0.96522948124252783     
           9          10  0.98716123579044424     
          10          11  0.96908844585537057     
          11          12  0.95659756141346475     
          12          13  0.97675660464592207     
          13          14   1.0192578019806577     
          12          15  0.96437823287354807     
          15          16  0.99477120179757317     
          15          17  0.96934281561356661     
          17          18  0.99825831214813954     
          10          19  0.95412562547440338     
          17          19  0.97116233804824570     
          19          20   1.0168763451875753     
           8          21  0.96366607125248094     
          21          22   1.0006294167792575     
           3          23  0.95913050055891402     
          21          23  0.96205275648437771     
          23          24   1.0081871802326554     
           1          25  0.98009048578663815     
           1          26  0.97745552896059773     
           1          27  0.97941446880632088     
           3          28  0.94200846289841356     
           5          29  0.95609170086556161     
           6          30  0.96522518265774804     
           6          31  0.95932333278366888     
           7          32  0.88625766470687195     
           8          33  0.95751011401173902     
          10          34  0.94601923989156522     
          12          35  0.94821542215252475     
          13          36  0.96540704157292412     
          13          37  0.96806278580233918     
          14          38  0.88624110972677195     
          15          39  0.95721449115370061     
          16          40  0.89079721432916026     
          17          41  0.95484920794855221     
          18          42  0.88071287074389715     
          19          43  0.95280853604407834     
          20          44  0.87442457675925722     
          21          45  0.95555125386493267     
          22          46  0.89558251898931784     
          23          47  0.95276193186823066     
          24          48  0.87794796992238422     
