    0.03064766
   -0.28428566
    0.24696510
   -0.33920441
    0.09512240
    0.07681781
   -0.44482078
    0.08920290
   -0.33881845
    0.24101820
   -0.34263580
    0.08285175
    0.06384020
   -0.43463072
    0.09304642
   -0.45573404
    0.10120320
   -0.44851682
    0.09329028
   -0.44293343
    0.09612801
   -0.46600694
    0.09720375
   -0.43156056
    0.05177714
    0.04005420
    0.07298939
    0.00950488
    0.03849774
    0.07092745
    0.03136268
    0.30981894
    0.03976866
    0.05128432
    0.05239822
    0.05724050
    0.06885494
    0.30577822
    0.03061220
    0.32366688
    0.04372846
    0.31998359
    0.04016800
    0.33575231
    0.03145996
    0.32561242
    0.05051347
    0.32005535
