           1           2  0.97467534889382446     
           2           3   1.0201133573308634     
           3           4  0.94344594620597877     
           4           5  0.98151515020974645     
           5           6  0.96948124568957028     
           6           7   1.0188127336372710     
           5           8  0.96068397337989642     
           8           9  0.94836250530841859     
           9          10  0.98563224344556666     
          10          11  0.96986774767560857     
          11          12  0.95464091462954415     
          12          13  0.97634685526778120     
          13          14   1.0040966485056448     
          12          15  0.96560696718671557     
          15          16   1.0046235708368434     
          15          17  0.96992349703835823     
          17          18  0.99691292482599980     
          10          19  0.95264676789973313     
          17          19  0.97376014118524201     
          19          20  0.99556449702049343     
           8          21  0.96500104621950533     
          21          22   1.0074978335530069     
           3          23  0.96124856892144850     
          21          23  0.96349940106449172     
          23          24   1.0087679070288376     
           1          25  0.97994012673606057     
           1          26  0.97763553536939796     
           1          27  0.97980010045647781     
           3          28  0.94101340214208895     
           5          29  0.95390076007381908     
           6          30  0.96773036372350496     
           6          31  0.96807530813303855     
           7          32  0.86980405081821222     
           8          33  0.95658743460757067     
          10          34  0.94703515428209883     
          12          35  0.95489822768858656     
          13          36  0.96818779407942679     
          13          37  0.96854981555297126     
          14          38  0.89269749537043741     
          15          39  0.95444407080968519     
          16          40  0.85705542637576204     
          17          41  0.95417630253259045     
          18          42  0.87870640729562632     
          19          43  0.95485521034212051     
          20          44  0.86481262436354989     
          21          45  0.95504804627354289     
          22          46  0.83428591391891505     
          23          47  0.95526818730865193     
          24          48  0.88003134023448915     
