    0.01939810
   -0.31110324
    0.25011398
   -0.34850420
    0.09446963
    0.07956008
   -0.46137098
    0.08946762
   -0.33344716
    0.24095532
   -0.35213336
    0.08127775
    0.06443915
   -0.46732960
    0.09331811
   -0.48127537
    0.10230802
   -0.48016636
    0.10196059
   -0.46952868
    0.08733757
   -0.46594652
    0.09014209
   -0.47638408
    0.05851593
    0.05189671
    0.09050398
    0.00692022
    0.03773628
    0.04245206
    0.06106279
    0.33994529
    0.04232715
    0.04707904
    0.04222201
    0.05375896
    0.06977621
    0.35071090
    0.02980275
    0.35226820
    0.03264764
    0.35558743
    0.03066912
    0.36136152
    0.06752280
    0.33222286
    0.03797223
    0.35747947
