           1           2  0.96203633863521354     
           2           3   1.0192205368697744     
           3           4  0.94648508268713116     
           4           5  0.96806164086167146     
           5           6  0.97531946343597054     
           6           7   1.0163282774170364     
           5           8  0.96357797989506866     
           8           9  0.96413037255332812     
           9          10  0.97256999158599644     
          10          11  0.98176177306983581     
          11          12  0.95185426076495228     
          12          13  0.97268651558459207     
          13          14   1.0102355096766160     
          12          15  0.96551327953936283     
          15          16   1.0049769772303963     
          15          17  0.96931095235406950     
          17          18  0.99956128354620222     
          10          19  0.95589929488532688     
          17          19  0.97104403642582304     
          19          20   1.0120954218336078     
           8          21  0.96339583767034775     
          21          22   1.0015380245632226     
           3          23  0.95843515225216935     
          21          23  0.96178344940017579     
          23          24   1.0066620856562651     
           1          25  0.98018811739751577     
           1          26  0.97785871773099642     
           1          27  0.97723094485975781     
           3          28  0.94179114058608904     
           5          29  0.95618489166687715     
           6          30  0.96508493711039089     
           6          31  0.96118657905099991     
           7          32  0.86641738926646050     
           8          33  0.95762445313605316     
          10          34  0.94526295642989122     
          12          35  0.94805118259059762     
          13          36  0.96876384224596779     
          13          37  0.96815685975235943     
          14          38  0.86418266738002658     
          15          39  0.95506912179315562     
          16          40  0.83919299324968633     
          17          41  0.95615614434033869     
          18          42  0.85524110735730430     
          19          43  0.95371863729198392     
          20          44  0.85043915961590177     
          21          45  0.95695796609035810     
          22          46  0.87043205356078490     
          23          47  0.95307554640512815     
          24          48  0.85359146767178851     
