    0.03240743
   -0.28737847
    0.24905016
   -0.34180143
    0.09268601
    0.07489611
   -0.42556061
    0.08077426
   -0.33236718
    0.23750310
   -0.31758632
    0.08335525
    0.07135782
   -0.42737911
    0.08113135
   -0.44015215
    0.08148488
   -0.45725805
    0.09235490
   -0.45168395
    0.08758015
   -0.44871621
    0.09072876
   -0.43285925
    0.04718479
    0.04213143
    0.07408573
    0.01050871
    0.04085368
    0.03557678
    0.06521273
    0.30618709
    0.06076397
    0.04770859
    0.04690043
    0.04202136
    0.06810117
    0.30702477
    0.06050528
    0.30040818
    0.05449621
    0.31152718
    0.03718154
    0.32363689
    0.06305429
    0.30976216
    0.03755522
    0.31504435
