           1           2  0.97482076576890475     
           2           3   1.0183931908841268     
           3           4  0.94764408665311173     
           4           5  0.97222436438601745     
           5           6  0.97544360416883980     
           6           7   1.0178244034460588     
           5           8  0.95814309056125191     
           8           9  0.96088139040805909     
           9          10  0.96821821531504126     
          10          11  0.99364275108833511     
          11          12  0.95327655002159828     
          12          13  0.97725539801997552     
          13          14   1.0170618000784082     
          12          15  0.96429473670336807     
          15          16  0.99910022245241947     
          15          17  0.96694978246703989     
          17          18  0.98792012949799146     
          10          19  0.95232112714920392     
          17          19  0.97090457354730009     
          19          20  0.99696130595730403     
           8          21  0.96937378767484494     
          21          22  0.99154463722821762     
           3          23  0.95976666735180283     
          21          23  0.95983775231269386     
          23          24   1.0079363850351668     
           1          25  0.98013177822930808     
           1          26  0.97747456526627152     
           1          27  0.97947414668510402     
           3          28  0.94125703072520317     
           5          29  0.95531162985209883     
           6          30  0.96609607387194796     
           6          31  0.96928231722648017     
           7          32  0.88784906353426030     
           8          33  0.95213782397417879     
          10          34  0.94669907451097401     
          12          35  0.95646402928235630     
          13          36  0.96540138645321671     
          13          37  0.96770575863486175     
          14          38  0.88980409598390109     
          15          39  0.95743406795638952     
          16          40  0.89110074752549495     
          17          41  0.94064299718441613     
          18          42  0.88266139281120504     
          19          43  0.95748520809695237     
          20          44  0.87428219563019238     
          21          45  0.95804435007450539     
          22          46  0.87941512510699082     
          23          47  0.95378919688438413     
          24          48  0.88035836062723249     
