    0.03238609
   -0.28682132
    0.24696812
   -0.34161817
    0.09320816
    0.07143356
   -0.42715527
    0.08641279
   -0.31494535
    0.23455980
   -0.36059431
    0.08808727
    0.06919341
   -0.42852994
    0.07908764
   -0.43602576
    0.08557494
   -0.43975501
    0.08049007
   -0.43338257
    0.09450987
   -0.46218816
    0.09660157
   -0.43130727
    0.04697475
    0.04196986
    0.07356203
    0.01146448
    0.03798622
    0.05051177
    0.06196559
    0.30569156
    0.05218228
    0.04823086
    0.03273795
    0.03743639
    0.07207160
    0.30851326
    0.06208300
    0.29997662
    0.04016181
    0.31345108
    0.08443836
    0.30124076
    0.03802679
    0.31788663
    0.04649353
    0.31875266
