           1           2  0.97530688146898503     
           2           3   1.0186608771721990     
           3           4  0.94713182029263998     
           4           5  0.97123544538546902     
           5           6  0.97463588327398498     
           6           7   1.0160371201843246     
           5           8  0.96472928692438209     
           8           9  0.94814901767542692     
           9          10   1.0075418282461590     
          10          11  0.94341511567585146     
          11          12  0.94824456039261507     
          12          13  0.97242323655747520     
          13          14   1.0189441647646744     
          12          15  0.96905502755013773     
          15          16   1.0040339707007742     
          15          17  0.95762116458393998     
          17          18   1.0054737520875205     
          10          19  0.95219951140613113     
          17          19  0.95954675559424052     
          19          20   1.0080776541700622     
           8          21  0.96885991593159859     
          21          22  0.99688367558313140     
           3          23  0.95891730394385388     
          21          23  0.96642547299807791     
          23          24   1.0082235171574769     
           1          25  0.98007991808046135     
           1          26  0.97744426627718539     
           1          27  0.97956541090232341     
           3          28  0.94144889900335027     
           5          29  0.95549785711321533     
           6          30  0.96429500122106004     
           6          31  0.96887008068176206     
           7          32  0.88818002153514919     
           8          33  0.95655722813446853     
          10          34  0.94504755173228849     
          12          35  0.95326936309358845     
          13          36  0.96667285508787892     
          13          37  0.96564712065054437     
          14          38  0.88871535538998214     
          15          39  0.95618597068077893     
          16          40  0.89046983354912501     
          17          41  0.95437262605278472     
          18          42  0.88463032918953843     
          19          43  0.95276125558085023     
          20          44  0.88292957003036832     
          21          45  0.95519032034111306     
          22          46  0.85707364976988487     
          23          47  0.95525122454978328     
          24          48  0.88148098135313369     
