    0.01937587
   -0.31328739
    0.24940762
   -0.35223856
    0.09169124
    0.06439250
   -0.47024408
    0.09011131
   -0.33317497
    0.24157360
   -0.34748032
    0.08383788
    0.06758406
   -0.47168994
    0.08276972
   -0.46654809
    0.09353690
   -0.48279053
    0.09606016
   -0.47590247
    0.09873415
   -0.47210390
    0.09805606
   -0.47472223
    0.06158376
    0.05100862
    0.08870390
    0.00403147
    0.04203653
    0.05585225
    0.07271804
    0.34987245
    0.03833379
    0.04547973
    0.04859616
    0.04953098
    0.07201824
    0.33619356
    0.05839579
    0.34103574
    0.03523791
    0.35143552
    0.03789059
    0.36376738
    0.03449395
    0.34321849
    0.04144997
    0.36016660
