           1           2  0.96161719772804777     
           2           3   1.0178941901677709     
           3           4  0.94907141134127815     
           4           5  0.96745116699318412     
           5           6  0.97210405521068832     
           6           7   1.0099719978307542     
           5           8  0.96192840444381422     
           8           9  0.96294782353273067     
           9          10  0.97747802163785680     
          10          11  0.97868674909977937     
          11          12  0.94803451017018014     
          12          13  0.97372410181702596     
          13          14   1.0176844705413279     
          12          15  0.96624370506992874     
          15          16   1.0055259852622407     
          15          17  0.96126110401836351     
          17          18  0.99843632320197750     
          10          19  0.95363037484000146     
          17          19  0.97106476179094126     
          19          20   1.0024330374616486     
           8          21  0.96450931955412567     
          21          22   1.0041398676818223     
           3          23  0.95837962386838915     
          21          23  0.96795799241065950     
          23          24   1.0072144088473398     
           1          25  0.97990841652344129     
           1          26  0.97792004215660722     
           1          27  0.97769512250604051     
           3          28  0.94154071459489985     
           5          29  0.95497223190599145     
           6          30  0.96637677830751434     
           6          31  0.96058363176485484     
           7          32  0.86230867325810423     
           8          33  0.95556697435762050     
          10          34  0.94598380847789154     
          12          35  0.95519089710732730     
          13          36  0.96474552505714883     
          13          37  0.96694315731119929     
          14          38  0.85355465782706497     
          15          39  0.95790667846306654     
          16          40  0.86616344688081393     
          17          41  0.95406338478612351     
          18          42  0.85537707005162267     
          19          43  0.95651091650491704     
          20          44  0.85017811913172370     
          21          45  0.95493887894335094     
          22          46  0.85003941038943043     
          23          47  0.95617982396617984     
          24          48  0.85413559631487534     
