    0.01333350
   -0.33411475
    0.24029858
   -0.35551207
    0.09236851
    0.06984109
   -0.48875585
    0.09604633
   -0.33934317
    0.23864518
   -0.36104496
    0.08746985
    0.06551984
   -0.49077706
    0.09377704
   -0.49741301
    0.10094145
   -0.50086941
    0.09822541
   -0.48993417
    0.10642314
   -0.49177693
    0.08783299
   -0.49386752
    0.06327575
    0.05629269
    0.09669082
    0.00578911
    0.04551888
    0.05095526
    0.06657228
    0.36381278
    0.04780976
    0.05409791
    0.04677458
    0.05506618
    0.06949621
    0.37353176
    0.03143230
    0.36455906
    0.03715505
    0.37284450
    0.03333959
    0.37886195
    0.04277283
    0.37556018
    0.04500536
    0.37547122
