           1           2  0.95554976507574463     
           2           3   1.0094828479927025     
           3           4  0.95088144645173545     
           4           5  0.96592077472699334     
           5           6  0.97454184452638870     
           6           7   1.0142051386185751     
           5           8  0.96108269743611241     
           8           9  0.96186739560683843     
           9          10  0.97938080477071066     
          10          11  0.96931643149585223     
          11          12  0.95068194341264767     
          12          13  0.97430292591621015     
          13          14   1.0089911359043635     
          12          15  0.96549942123351484     
          15          16   1.0036820761658378     
          15          17  0.96929695775263380     
          17          18  0.99783080877971098     
          10          19  0.95348183174000956     
          17          19  0.97057449685109098     
          19          20   1.0111726337725275     
           8          21  0.97085099217309223     
          21          22   1.0062384869077290     
           3          23  0.95207226628929942     
          21          23  0.96564613711175773     
          23          24   1.0051424333407155     
           1          25  0.98064160919589449     
           1          26  0.97824258206673520     
           1          27  0.97619447863325870     
           3          28  0.94165463499785562     
           5          29  0.95459954178349138     
           6          30  0.96676465369786657     
           6          31  0.96329592355173654     
           7          32  0.85544385438983950     
           8          33  0.95512727480660975     
          10          34  0.94697293925087589     
          12          35  0.95701671728870596     
          13          36  0.96889444016130943     
          13          37  0.96826998165337719     
          14          38  0.84820671428174921     
          15          39  0.95543012754572543     
          16          40  0.83043106563824165     
          17          41  0.95616318261610600     
          18          42  0.84383916448111296     
          19          43  0.95384897083929321     
          20          44  0.83819201509489005     
          21          45  0.95619809615515472     
          22          46  0.84277971433739540     
          23          47  0.95630624833128408     
          24          48  0.84223918863613412     
