    0.03292670
   -0.28813065
    0.24882023
   -0.34364404
    0.09281576
    0.06931198
   -0.42972741
    0.09053937
   -0.30368033
    0.24580267
   -0.33710916
    0.07713543
    0.06737647
   -0.43715415
    0.07862421
   -0.43630022
    0.09381539
   -0.44748766
    0.08702526
   -0.43379735
    0.08711946
   -0.45282216
    0.09016900
   -0.43326662
    0.04652578
    0.04173443
    0.07337466
    0.00992293
    0.03819031
    0.04532539
    0.08035430
    0.30353118
    0.05553316
    0.02748752
    0.06442001
    0.02465865
    0.06480783
    0.31940848
    0.05153913
    0.30086592
    0.03396033
    0.31401731
    0.04053779
    0.31667106
    0.06674377
    0.30935107
    0.03765438
    0.31502245
