           1           2  0.97553688757841917     
           2           3   1.0167040991484828     
           3           4  0.95081598483578489     
           4           5  0.96580965593285917     
           5           6  0.97614236425509460     
           6           7   1.0137189467612122     
           5           8  0.96259098817769184     
           8           9  0.95854937324688116     
           9          10  0.99928530030668894     
          10          11  0.96896599517127646     
          11          12  0.95917195275165290     
          12          13  0.96802947786072790     
          13          14   1.0229181006483796     
          12          15  0.96429130039183386     
          15          16   1.0008632585710058     
          15          17  0.96470535547842828     
          17          18   1.0025168408062195     
          10          19  0.94400072562017523     
          17          19  0.96215293188120632     
          19          20   1.0079206670212413     
           8          21  0.96814932553956579     
          21          22  0.98798063704335459     
           3          23  0.95857406933239275     
          21          23  0.96193708231418262     
          23          24   1.0069073477483084     
           1          25  0.97997467290490192     
           1          26  0.97744425708874338     
           1          27  0.97953075094081710     
           3          28  0.94120675379176733     
           5          29  0.95600572258922234     
           6          30  0.96518383292950449     
           6          31  0.96408492780198496     
           7          32  0.88804312794004281     
           8          33  0.95453923573357335     
          10          34  0.94696422702684435     
          12          35  0.95646975928515121     
          13          36  0.96438830633118044     
          13          37  0.96725362280698235     
          14          38  0.86765077693055082     
          15          39  0.95796067680299002     
          16          40  0.88999699483181471     
          17          41  0.95365494061523703     
          18          42  0.87643498626979077     
          19          43  0.95918014303812638     
          20          44  0.88318599549744059     
          21          45  0.95761825618214913     
          22          46  0.87891047063496031     
          23          47  0.95401299726060906     
          24          48  0.88207002675394608     
