    0.02020730
   -0.34328620
    0.24728502
   -0.34590212
    0.09544755
    0.07567854
   -0.47277177
    0.09693109
   -0.36535239
    0.23872002
   -0.33020942
    0.08859525
    0.06728392
   -0.46588580
    0.08587284
   -0.47003930
    0.10084990
   -0.48698990
    0.09905494
   -0.46950486
    0.09291975
   -0.47777969
    0.09017930
   -0.48184994
    0.06182906
    0.05254877
    0.08706054
    0.02552527
    0.05508561
    0.04475437
    0.05980878
    0.34143998
    0.05278423
    0.04251981
    0.04815474
    0.04501882
    0.07114551
    0.33013456
    0.05791135
    0.34041289
    0.04952660
    0.35767350
    0.04227052
    0.34443164
    0.05717159
    0.33953935
    0.04661548
    0.35718299
