           1           2  0.95947882531304141     
           2           3  0.98599697289277799     
           3           4  0.96808075285546824     
           4           5  0.95645688468144652     
           5           6  0.97725959920621763     
           6           7   1.0110852777198431     
           5           8  0.96820626835608181     
           8           9  0.96497016550559334     
           9          10  0.94024715146044724     
          10          11   1.0074102601986066     
          11          12  0.94651718756226055     
          12          13  0.97918473839354836     
          13          14   1.0087132488760542     
          12          15  0.96122030384206980     
          15          16   1.0087450083663076     
          15          17  0.95571958816793479     
          17          18   1.0035782079428244     
          10          19  0.95048265304026935     
          17          19  0.97458618552632204     
          19          20   1.0040597892356307     
           8          21  0.95260827838228401     
          21          22   1.0080751834753772     
           3          23  0.96492179640973608     
          21          23  0.96266784627117497     
          23          24   1.0034776286974638     
           1          25  0.97997287880427209     
           1          26  0.97833023315842205     
           1          27  0.97755116644017570     
           3          28  0.94439845255314281     
           5          29  0.95534557640161788     
           6          30  0.96470425015170935     
           6          31  0.96226638232866735     
           7          32  0.86755877791642566     
           8          33  0.95167834180265964     
          10          34  0.94928095172355609     
          12          35  0.95215018498918913     
          13          36  0.96795699083400633     
          13          37  0.96859123060583929     
          14          38  0.87585696302812921     
          15          39  0.95777862464432073     
          16          40  0.86323302238426758     
          17          41  0.95597952278550491     
          18          42  0.85655957034377006     
          19          43  0.95959974178656449     
          20          44  0.85905408198772482     
          21          45  0.95779100549338614     
          22          46  0.85058779570721477     
          23          47  0.95545427175987774     
          24          48  0.85619440591591056     
