    0.03540773
   -0.31349747
    0.24082594
   -0.35263120
    0.09257582
    0.06635885
   -0.42651199
    0.07787327
   -0.33689581
    0.23536729
   -0.32429399
    0.07305360
    0.07173656
   -0.42930121
    0.07983759
   -0.44135151
    0.09239482
   -0.45120916
    0.09205089
   -0.44438634
    0.10647580
   -0.44129691
    0.09175313
   -0.43973780
    0.05046191
    0.03888391
    0.07008051
    0.02064855
    0.04997662
    0.04132356
    0.06591079
    0.30426952
    0.07004379
    0.05713646
    0.06758797
    0.03929415
    0.06599233
    0.30657668
    0.06034429
    0.30093009
    0.02731180
    0.31345087
    0.04097666
    0.32610379
    0.05553364
    0.31292512
    0.04837489
    0.31126421
