           1           2  0.97332799418435645     
           2           3   1.0068982822683228     
           3           4  0.94693962517893815     
           4           5  0.95980169552427463     
           5           6  0.97900657936766433     
           6           7   1.0149435245507554     
           5           8  0.96318963569179417     
           8           9  0.96349972328382594     
           9          10  0.96754966465616454     
          10          11  0.98881239233529339     
          11          12  0.95179312338759803     
          12          13  0.97846911913066736     
          13          14   1.0155487112583548     
          12          15  0.96713536461285687     
          15          16  0.99907285887179675     
          15          17  0.96312496399639491     
          17          18  0.99315552734949997     
          10          19  0.95711427801884796     
          17          19  0.97076865306117210     
          19          20   1.0017940578428317     
           8          21  0.95686513894439806     
          21          22   1.0102247994522480     
           3          23  0.95432162908677243     
          21          23  0.96657147917325037     
          23          24   1.0005191721874569     
           1          25  0.98030384106765278     
           1          26  0.97822850831075114     
           1          27  0.98008406400876391     
           3          28  0.94351620217730592     
           5          29  0.95558812747769983     
           6          30  0.96227775117851055     
           6          31  0.96920959028350240     
           7          32  0.88971847607620702     
           8          33  0.94923293630406624     
          10          34  0.94571972422152317     
          12          35  0.94549645517703695     
          13          36  0.96562833582365692     
          13          37  0.96863053452102510     
          14          38  0.88926043813773159     
          15          39  0.95706029046872598     
          16          40  0.89047214425142152     
          17          41  0.94646333197989330     
          18          42  0.88211678472233079     
          19          43  0.95473580222972076     
          20          44  0.87434175077180010     
          21          45  0.94835393737600837     
          22          46  0.87403006104125169     
          23          47  0.95358421146063943     
          24          48  0.88550462112300210     
