    0.01442215
   -0.33852426
    0.24196699
   -0.35195234
    0.09253597
    0.05799311
   -0.49457679
    0.10466995
   -0.34182485
    0.23598480
   -0.35955867
    0.09753130
    0.07071867
   -0.49459834
    0.09485433
   -0.49852198
    0.09422860
   -0.48896812
    0.09198341
   -0.47335950
    0.10363940
   -0.50612675
    0.09372592
   -0.48920411
    0.06283123
    0.05411376
    0.09472873
    0.00885404
    0.07957914
    0.06859635
    0.05183620
    0.35569826
    0.05020926
    0.03817665
    0.06174706
    0.04217259
    0.06347992
    0.35521952
    0.04055486
    0.37162514
    0.07267099
    0.34748311
    0.03839689
    0.35437954
    0.04040688
    0.38362002
    0.03752978
    0.36905119
