           1           2  0.95724219273915068     
           2           3   1.0025958748179191     
           3           4  0.95483329744014867     
           4           5  0.96828391644867495     
           5           6  0.96525459738590547     
           6           7   1.0083130297505392     
           5           8  0.97196543491994325     
           8           9  0.95761402895931347     
           9          10  0.97622500341576757     
          10          11  0.97189244683347631     
          11          12  0.95239493249795559     
          12          13  0.98142028641464263     
          13          14   1.0097448242048497     
          12          15  0.97007574423941878     
          15          16   1.0024581187068735     
          15          17  0.95853439652808436     
          17          18   1.0027236063141263     
          10          19  0.94374887529802964     
          17          19  0.96608090740393915     
          19          20   1.0130976926230311     
           8          21  0.96738210605103503     
          21          22   1.0037376097821891     
           3          23  0.95479746468920790     
          21          23  0.96518381628598915     
          23          24   1.0083485029639190     
           1          25  0.98057097705941709     
           1          26  0.97865494765370853     
           1          27  0.97646208205570184     
           3          28  0.94431230292524848     
           5          29  0.95428554399015364     
           6          30  0.96878364429423447     
           6          31  0.96712709214863901     
           7          32  0.85964632125011697     
           8          33  0.95580650870283090     
          10          34  0.95118650123091431     
          12          35  0.95659060333192980     
          13          36  0.96480562349094479     
          13          37  0.96923484734109300     
          14          38  0.84910362119640304     
          15          39  0.95386342950347158     
          16          40  0.84280665008288702     
          17          41  0.95590449506553554     
          18          42  0.86042488497574565     
          19          43  0.95755279322385634     
          20          44  0.84916765420955975     
          21          45  0.95624514169905694     
          22          46  0.83731238816995024     
          23          47  0.95374470118735166     
          24          48  0.84387305284458303     
