    0.02037191
   -0.31225416
    0.25050913
   -0.34916473
    0.09309449
    0.07264039
   -0.46735352
    0.09156744
   -0.32718523
    0.23560765
   -0.34472872
    0.07542932
    0.06763156
   -0.46592628
    0.07801480
   -0.47041686
    0.08892658
   -0.48398424
    0.08224052
   -0.46371612
    0.08807240
   -0.46256851
    0.09050721
   -0.47814071
    0.05811961
    0.05031007
    0.08900723
    0.00401618
    0.03791522
    0.05354422
    0.06835884
    0.33751136
    0.05305566
    0.03938548
    0.07601876
    0.02663129
    0.06899733
    0.33390784
    0.05554008
    0.34319321
    0.04510257
    0.35254117
    0.06835401
    0.33237065
    0.06547483
    0.33394987
    0.03889082
    0.35862941
