           1           2  0.96317427868042460     
           2           3   1.0168689890308515     
           3           4  0.94996398144406957     
           4           5  0.96651714171636405     
           5           6  0.97626605337617034     
           6           7   1.0117582370801401     
           5           8  0.96264341449449098     
           8           9  0.95837990195591416     
           9          10  0.98883238311940436     
          10          11  0.96489479197204731     
          11          12  0.95232724538424485     
          12          13  0.97092436362501089     
          13          14   1.0159264870549172     
          12          15  0.96360839341549476     
          15          16   1.0068788913486801     
          15          17  0.95907626772292320     
          17          18   1.0028998759667413     
          10          19  0.94731500178765526     
          17          19  0.95950046978909953     
          19          20   1.0085655553538260     
           8          21  0.96540941734771712     
          21          22  0.99738692391406636     
           3          23  0.95805482384469409     
          21          23  0.96105987280593141     
          23          24   1.0063098840345670     
           1          25  0.98021542486726310     
           1          26  0.97798330128660305     
           1          27  0.97747616144577010     
           3          28  0.94165530010237075     
           5          29  0.95541917378828034     
           6          30  0.96527723370273977     
           6          31  0.96726063888069524     
           7          32  0.87122713727031453     
           8          33  0.95528087951182594     
          10          34  0.94733397604117420     
          12          35  0.95621026196620473     
          13          36  0.96627533160656287     
          13          37  0.96775810780652582     
          14          38  0.86153675335108004     
          15          39  0.95634536132096359     
          16          40  0.86323514241573496     
          17          41  0.95467109283103080     
          18          42  0.85770196811011934     
          19          43  0.95783531378887443     
          20          44  0.86561743207225139     
          21          45  0.95764818145061237     
          22          46  0.86695050888291791     
          23          47  0.95401760850980777     
          24          48  0.85359743517360842     
