    0.02995494
   -0.28817647
    0.24825713
   -0.33692759
    0.09266573
    0.06633367
   -0.43335933
    0.08753242
   -0.33109428
    0.23662295
   -0.33593499
    0.07044476
    0.07501262
   -0.42613492
    0.08752090
   -0.44738851
    0.10685546
   -0.44959334
    0.09472895
   -0.43910968
    0.08509755
   -0.44224192
    0.09127580
   -0.43307714
    0.05426148
    0.04188610
    0.07299524
    0.01333174
    0.03933952
    0.07170990
    0.05502523
    0.30246814
    0.04943481
    0.06527428
    0.07846704
    0.03445912
    0.04948954
    0.31091310
    0.02891679
    0.30094095
    0.02848154
    0.31579905
    0.03801484
    0.32454651
    0.07136017
    0.29569905
    0.03325418
    0.31466696
