           1           2  0.97264217289876986     
           2           3   1.0186212177654910     
           3           4  0.95053216172959054     
           4           5  0.97708000139196172     
           5           6  0.97388258545684159     
           6           7   1.0146454774192823     
           5           8  0.95592945592754730     
           8           9  0.95615031550909768     
           9          10  0.97795955789611189     
          10          11  0.98009630317855956     
          11          12  0.95259198163349379     
          12          13  0.97665575776509472     
          13          14   1.0196254141331387     
          12          15  0.96542040486427505     
          15          16  0.99216859921252276     
          15          17  0.97136192328908355     
          17          18  0.99522496991898446     
          10          19  0.95479930865452367     
          17          19  0.96912962609366526     
          19          20   1.0054090453872133     
           8          21  0.96585680204523039     
          21          22  0.98772090719750727     
           3          23  0.95803739263097643     
          21          23  0.96393065997910166     
          23          24   1.0079931850235782     
           1          25  0.97999128107126010     
           1          26  0.97783785442338611     
           1          27  0.97982120695189279     
           3          28  0.94016508645692332     
           5          29  0.95376719005357891     
           6          30  0.96766589208217924     
           6          31  0.96195765185318716     
           7          32  0.88426383120347873     
           8          33  0.95196506960453919     
          10          34  0.94304550507602836     
          12          35  0.94160755704135701     
          13          36  0.96519755135120411     
          13          37  0.96747018703166376     
          14          38  0.88530355913331782     
          15          39  0.95703759711053127     
          16          40  0.88901016450873782     
          17          41  0.94846009712669899     
          18          42  0.88155195412110809     
          19          43  0.95545088967040526     
          20          44  0.87501165955095805     
          21          45  0.95659612251512316     
          22          46  0.88826576137292668     
          23          47  0.95153448365411331     
          24          48  0.88073494150208098     
