    0.03295235
   -0.28914739
    0.24960456
   -0.34263158
    0.09220465
    0.06809978
   -0.42772217
    0.08914969
   -0.32214942
    0.23241035
   -0.33942063
    0.07054150
    0.07524463
   -0.42624691
    0.08723843
   -0.44764181
    0.10687004
   -0.44903320
    0.09207538
   -0.44052891
    0.08451127
   -0.44047781
    0.09291628
   -0.43296766
    0.04657731
    0.04215664
    0.07357117
    0.01100213
    0.04574852
    0.03755302
    0.08630005
    0.30220430
    0.03558527
    0.08041669
    0.07384530
    0.03378958
    0.04784262
    0.31171892
    0.02838987
    0.30027528
    0.02720669
    0.31544251
    0.03705594
    0.32593455
    0.07752874
    0.29513190
    0.03429735
    0.31457422
