           1           2  0.97524898118855941     
           2           3   1.0162809296942639     
           3           4  0.95086748595828596     
           4           5  0.96823464389986458     
           5           6  0.97610646202660845     
           6           7   1.0145245929299456     
           5           8  0.95811114705301081     
           8           9  0.96124404158477705     
           9          10  0.98695708676548954     
          10          11  0.97263927517426896     
          11          12  0.95553249026268827     
          12          13  0.97548738465839946     
          13          14   1.0201728414415512     
          12          15  0.96531764203848558     
          15          16  0.99129621077521968     
          15          17  0.97203465688953383     
          17          18  0.99468629094515471     
          10          19  0.95135513832991037     
          17          19  0.96872329949229086     
          19          20   1.0084263426422497     
           8          21  0.96293198212894460     
          21          22  0.98853738147482917     
           3          23  0.95946497352288629     
          21          23  0.96434477234444338     
          23          24   1.0074611855092894     
           1          25  0.98008769735692824     
           1          26  0.97749458847591453     
           1          27  0.97950860651806271     
           3          28  0.94131947340163857     
           5          29  0.95405743420464506     
           6          30  0.96598949160735337     
           6          31  0.96270806309916934     
           7          32  0.89006190541161057     
           8          33  0.95091952231618193     
          10          34  0.94125956394447730     
          12          35  0.94082320162233157     
          13          36  0.96513880611251190     
          13          37  0.96778145844446706     
          14          38  0.88435147843322492     
          15          39  0.95708760088198841     
          16          40  0.88969614523556428     
          17          41  0.94774232599943697     
          18          42  0.88171997946323200     
          19          43  0.95466609031932947     
          20          44  0.87346158217267134     
          21          45  0.95597486329425330     
          22          46  0.89131157314172182     
          23          47  0.95143504520167910     
          24          48  0.88207502002261640     
