    0.01913259
   -0.32055682
    0.24105819
   -0.34584302
    0.09225292
    0.07077521
   -0.46546783
    0.09655166
   -0.32852955
    0.23966222
   -0.35137185
    0.08708926
    0.06481909
   -0.46819197
    0.09346052
   -0.48273088
    0.10199960
   -0.48200330
    0.09983262
   -0.46893866
    0.10771346
   -0.47025031
    0.08712356
   -0.47464796
    0.06070727
    0.05168039
    0.08948004
    0.00065652
    0.04154054
    0.04563593
    0.06696979
    0.34289112
    0.04374397
    0.04918890
    0.04444302
    0.05432715
    0.06889978
    0.35062062
    0.02845452
    0.35062231
    0.03597558
    0.35335255
    0.02870086
    0.35836571
    0.03977029
    0.35449241
    0.04218470
    0.35435727
