           1           2  0.96027364386327629     
           2           3   1.0117159681512484     
           3           4  0.95248812598027577     
           4           5  0.96894149409216723     
           5           6  0.97506351793618373     
           6           7   1.0151947215465442     
           5           8  0.96051716391549213     
           8           9  0.96504016040854734     
           9          10  0.98195904662713807     
          10          11  0.97004081910101980     
          11          12  0.95484851183536901     
          12          13  0.97466227869292033     
          13          14   1.0088393577107591     
          12          15  0.96525718303451358     
          15          16   1.0040774465508502     
          15          17  0.96982308196034261     
          17          18  0.99736166466623577     
          10          19  0.95271708199512029     
          17          19  0.97103409863757806     
          19          20   1.0116385946632849     
           8          21  0.97047109384013008     
          21          22   1.0065376556741554     
           3          23  0.95224194024253006     
          21          23  0.96595449214373841     
          23          24   1.0043854815032460     
           1          25  0.98053186194964481     
           1          26  0.97820448093450119     
           1          27  0.97736562601033938     
           3          28  0.94089682860407287     
           5          29  0.95439369735050938     
           6          30  0.96670971278975215     
           6          31  0.96368537719512448     
           7          32  0.86956962270603866     
           8          33  0.95521003991475817     
          10          34  0.94740803438713039     
          12          35  0.95634323782030672     
          13          36  0.96854493683966036     
          13          37  0.96837379283796421     
          14          38  0.86419035778362219     
          15          39  0.95514263877599903     
          16          40  0.83952538609717897     
          17          41  0.95584302222780271     
          18          42  0.85746220145707308     
          19          43  0.95386941773444933     
          20          44  0.85271767502404061     
          21          45  0.95639380485479464     
          22          46  0.85803724482738697     
          23          47  0.95628391811603686     
          24          48  0.85690912857991697     
