    0.01883526
   -0.36832197
    0.23558326
   -0.35273956
    0.09292087
    0.07618456
   -0.49674916
    0.09956754
   -0.37274648
    0.23811129
   -0.34100226
    0.08839606
    0.06465216
   -0.47579892
    0.08645482
   -0.48702140
    0.10089415
   -0.51091739
    0.09801877
   -0.48517398
    0.09810755
   -0.48659486
    0.08944081
   -0.50244377
    0.06132028
    0.05552607
    0.08822957
    0.03532359
    0.05739507
    0.04324550
    0.06487803
    0.36247661
    0.05443903
    0.04648462
    0.05164167
    0.04994360
    0.07591346
    0.33273978
    0.06200352
    0.35552472
    0.05258331
    0.38161250
    0.04537337
    0.36255278
    0.07274574
    0.35061134
    0.04963496
    0.38014349
