           1           2  0.95923090431546332     
           2           3  0.97486535009774034     
           3           4  0.97898306052648265     
           4           5  0.94956573327507476     
           5           6  0.97902505580277588     
           6           7   1.0090038939631742     
           5           8  0.97063722007607478     
           8           9  0.96278623969588972     
           9          10  0.93979556131895403     
          10          11   1.0055009318208545     
          11          12  0.94187717708291641     
          12          13  0.98050412710690560     
          13          14   1.0045308833149305     
          12          15  0.96222400006355036     
          15          16   1.0076842089637383     
          15          17  0.95549039927688817     
          17          18   1.0032913254933611     
          10          19  0.94915700071715570     
          17          19  0.97377001668052554     
          19          20   1.0040829287142634     
           8          21  0.95904018512181965     
          21          22   1.0069932499940195     
           3          23  0.95489906840430139     
          21          23  0.96328141517321086     
          23          24   1.0059393543720168     
           1          25  0.97915049090410167     
           1          26  0.97774817820547721     
           1          27  0.97715732239649900     
           3          28  0.94396206272372862     
           5          29  0.95653939498479390     
           6          30  0.96398801336053930     
           6          31  0.96166028810799664     
           7          32  0.85446461280576325     
           8          33  0.94941766508887326     
          10          34  0.94951770894128207     
          12          35  0.95252642983198554     
          13          36  0.96825793782810776     
          13          37  0.96812591783253121     
          14          38  0.87344428791174566     
          15          39  0.95741774415482994     
          16          40  0.85362955194642542     
          17          41  0.95627926516707284     
          18          42  0.83942477599260967     
          19          43  0.96094210858149420     
          20          44  0.84977001516860395     
          21          45  0.95658123024588226     
          22          46  0.85481635388488786     
          23          47  0.95748714808718072     
          24          48  0.83998360397215521     
