-180 -140 -84.847523178216 179.6 -138.9
-180 -150 -84.843508760519 179.8 -148.5
-180 -160 -84.838602919413 -180.0 -158.3
-180 -130 -84.850378133074 179.5 -129.3
-180 -120 -84.851866965375 179.3 -119.7
-180 -110 -84.852505668488 179.4 -109.8
-180 -170 -84.838026701129 179.1 -169.5
-180 -180 -84.837522459177 178.6 180.0
-180 -100 -84.852781189307 179.6 -100.0
-180 -80 -84.852262595303 179.7 -80.3
-180 -70 -84.850934832550 179.3 -70.7
-180 -60 -84.847828848691 178.6 -61.3
-180 -90 -84.852628832210 179.7 -90.1
-180 -40 -84.728671182967 179.4 -40.6
-180 -30 -84.726964775553 179.4 -30.4
-180 -50 -84.842807004072 177.9 -52.0
-180 20  
-180 0 -84.715425742748 179.8 0.3
-180 40  
-180 -10 -84.714437175924 179.6 -10.1
-180 60 -84.758999623208 -179.8 59.6
-180 -20 -84.723718248997 179.7 -20.0
-180 50 -84.744033676053 179.9 49.2
-180 10 -84.761058977298 -179.7 10.2
-180 30 -84.722516024394 179.6 30.1
-180 80 -84.853074556665 179.6 80.5
-180 70 -84.850755595756 179.8 71.0
-180 90 -84.853375605671 179.2 89.8
-180 120 -84.838342042479 179.4 119.9
-180 140 -84.841609981425 179.3 139.9
-180 130 -84.838002925092 179.2 129.8
-180 100 -84.851988855062 178.8 99.2
-170 -180 -84.833698148897 -170.9 -179.5
-180 150 -84.840961072428 179.0 149.7
-180 110 -84.851105872510 178.4 108.8
-180 160 -84.840656531179 178.8 159.7
-170 -170 -84.836592239375 -169.8 -168.3
-170 -160 -84.838270278183 -170.2 -158.5
-180 170 -84.837988431850 178.5 169.8
-170 -150 -84.842575754355 -170.4 -148.7
-170 -130 -84.848311575315 -170.8 -129.5
-170 -120 -84.849556629241 -170.8 -119.6
-170 -100 -84.851384341831 -170.5 -99.8
-170 -90 -84.851550204535 -170.5 -90.1
-170 -110 -84.850633754981 -170.6 -109.7
-170 -140 -84.846119021133 -170.6 -139.1
-170 -80 -84.850578156259 -170.9 -80.6
-170 -60 -84.731155762252 -170.1 -60.5
-170 -50 -84.729169642648 -170.4 -50.8
-170 -70 -84.847792230776 -171.5 -71.3
-170 -30 -84.720925638759 -170.4 -30.6
-170 -40 -84.726874687268 -170.5 -40.7
-170 20  
-170 -10 -84.714262799874 -170.2 -9.9
-170 60 -84.735735966050 -169.1 59.9
-170 -20 -84.722945897793 -170.1 -19.8
-170 40 -84.757635448757 -170.7 39.8
-170 0 -84.794701686207 -169.8 0.5
-170 50 -84.743683680671 -170.0 49.2
-170 10 -84.753791142183 -170.0 10.2
-170 70 -84.849799686465 -170.4 70.8
-170 30 -84.761913360498 -170.1 30.2
-170 110 -84.839195979005 -170.6 109.9
-170 90 -84.843781237924 -171.2 89.4
-170 80 -84.850977289416 -171.0 80.0
-170 130 -84.839789195839 -170.5 130.0
-170 120 -84.839658885461 -170.4 120.1
-170 140 -84.839134264142 -170.8 139.7
-170 100 -84.843882035558 -171.5 98.8
-170 160 -84.830823817185 -171.5 159.4
-170 150 -84.838218217625 -171.2 149.5
-160 -160 -84.837578028253 -160.3 -158.7
-170 170 -84.833468517920 -171.5 169.8
-160 -180 -84.832616135209 -159.9 -178.7
-160 -140 -84.844007817463 -160.8 -139.3
-160 -170 -84.836700205144 -160.0 -168.6
-160 -150 -84.841392360412 -160.5 -149.0
-160 -130 -84.845732749195 -160.8 -129.4
-160 -120 -84.847410287939 -160.6 -119.4
-160 -110 -84.848916424124 -160.5 -109.6
-160 -100 -84.849783893728 -160.6 -99.9
-160 -90 -84.849380456419 -161.0 -90.4
-160 -60 -84.730659324748 -160.2 -60.8
-160 -70 -84.732904545860 -159.9 -70.6
-160 -80 -84.734020982182 -159.7 -80.2
-160 10  
-160 -50 -84.727819187237 -160.4 -51.0
-160 -40 -84.725587437181 -160.2 -40.5
-160 -30 -84.720083741304 -160.2 -30.5
-160 -20 -84.721082720303 -159.8 -20.0
-160 0 -84.795273739902 -159.8 0.6
-160 -10 -84.793870062003 -159.8 -9.6
-160 40 -84.754868724580 -161.0 39.9
-160 50 -84.738187113937 -159.2 50.2
-160 60 -84.738496919855 -159.1 60.0
-160 20 -84.753005813799 -160.8 19.2
-160 30 -84.760602585798 -160.8 30.0
-160 90 -84.840391819158 -160.8 89.8
-160 70 -84.846040391278 -161.2 70.1
-160 100 -84.837542474014 -160.6 99.9
-160 80 -84.845354306768 -161.6 79.5
-160 110 -84.838113018478 -160.2 110.2
-160 120 -84.838597679619 -160.3 120.0
-160 130 -84.837987877056 -160.6 129.6
-160 140 -84.836172288775 -161.1 139.2
-160 170 -84.829921857709 -160.7 170.4
-160 150 -84.834414804616 -161.3 149.3
-150 -180 -84.833002033557 -149.9 -178.8
-160 160 -84.829969911152 -161.4 159.6
-150 -160 -84.837011196694 -150.3 -158.9
-150 -170 -84.836436219746 -150.1 -168.9
-150 -150 -84.839818571786 -150.6 -149.3
-150 -140 -84.841728746851 -150.7 -139.4
-150 -130 -84.843869101228 -150.4 -129.2
-150 -120 -84.845940855907 -150.4 -119.4
-150 -110 -84.847420668219 -150.5 -109.7
-150 -100 -84.847596380390 -150.9 -100.3
-150 -90 -84.735024111463 -149.8 -89.9
-150 -80 -84.734700424731 -149.9 -80.3
-150 -70 -84.732981610781 -150.0 -70.7
-150 -60 -84.730233155924 -150.1 -61.0
-150 10  
-150 20  
-150 -50 -84.727265715387 -150.0 -50.8
-150 -40 -84.721421421379 -150.0 -40.8
-150 -10 -84.751802307815 -151.4 -10.0
-150 -30 -84.722215831989 -149.7 -30.2
-150 0 -84.751587231143 -151.4 -0.1
-150 -20 -84.793668034821 -149.7 -19.8
-150 60 -84.740790930812 -149.4 60.0
-150 50 -84.740379058833 -149.4 50.3
-150 80 -84.838395653677 -150.6 80.0
-150 30 -84.713033284772 -151.3 30.1
-150 90 -84.764968200236 -150.8 90.9
-150 100 -84.836952115695 -149.9 100.4
-150 70 -84.841974244810 -151.5 69.6
-150 110 -84.837919625360 -150.0 110.2
-150 120 -84.837505095858 -150.5 119.6
-150 40 -84.843850258238 -150.5 40.2
-150 130 -84.835444520621 -151.0 129.1
-150 160 -84.826969301188 -150.4 160.4
-150 140 -84.832822942232 -151.3 139.1
-150 170 -84.829640085162 -149.7 171.1
-150 150 -84.827228185299 -151.3 149.5
-140 -180 -84.833105925453 -140.0 -179.1
-140 -170 -84.833404139602 -140.0 -168.9
-140 -160 -84.836283700403 -140.3 -159.2
-140 -150 -84.838334857335 -140.3 -149.3
-140 -140 -84.840746326845 -140.1 -139.1
-140 -130 -84.843141608707 -140.1 -129.2
-140 -110 -84.727622506465 -140.3 -109.9
-140 -100 -84.734977347573 -139.9 -99.7
-140 -90 -84.731471436212 -140.1 -89.9
-140 -80 -84.731312762648 -140.2 -80.3
-140 -120 -84.727434916303 -140.3 -119.9
-140 -70 -84.729210335156 -140.0 -70.7
-140 0  
-140 -60 -84.726843736983 -139.9 -60.8
-140 -50 -84.744972758809 -139.9 -51.3
-140 20  
-140 -40 -84.731323135734 -139.8 -39.9
-140 -20 -84.747260760202 -141.7 -20.1
-140 -10 -84.747746872239 -141.7 -10.0
-140 -30 -84.735725972100 -139.9 -29.9
-140 50 -84.741813343641 -139.7 50.3
-140 10 -84.735170516474 -140.0 9.4
-140 30 -84.736161807188 -139.5 29.8
-140 70 -84.836851043721 -140.3 70.1
-140 60 -84.838184560004 -140.9 59.8
-140 120 -84.835446497640 -140.9 119.0
-140 130 -84.831759147720 -141.4 128.6
-140 140 -84.823847194075 -141.0 139.1
-140 80 -84.758465607562 -137.5 78.5
-140 110 -84.852355963242 -140.8 109.7
-140 40 -84.842469742418 -140.8 40.2
-140 100 -84.856136840930 -139.3 99.9
-140 90 -84.855084857240 -139.2 90.8
-140 150 -84.824968267153 -140.1 150.4
-140 160 -84.827476318653 -139.5 161.0
-140 170 -84.830400706223 -139.8 171.0
-130 -170 -84.833460510301 -130.0 -169.2
-130 -150 -84.838175085477 -129.8 -149.1
-130 -160 -84.835643590807 -130.0 -159.2
-130 -140 -84.840758915401 -129.8 -139.1
-130 -180 -84.833329224393 -129.9 -179.2
-130 -110 -84.732966521783 -129.3 -109.5
-130 -130 -84.725594853933 -130.6 -130.0
-130 -70 -84.748545719490 -130.0 -69.8
-130 -100 -84.733068835626 -129.1 -99.6
-130 -80 -84.746214549034 -130.0 -78.8
-130 -90 -84.733690179952 -129.2 -90.0
-130 -120 -84.729186766589 -130.2 -119.6
-130 -60 -84.748080868043 -130.0 -60.6
-130 -20  
-130 -10  
-130 0  
-130 20  
-130 40  
-130 -50 -84.731313929999 -129.8 -50.1
-130 -30 -84.742230558211 -131.8 -30.0
-130 50 -84.850745039123 -129.5 50.8
-130 -40 -84.731929318918 -129.8 -39.9
-130 30 -84.705736002013 -131.3 29.0
-130 60 -84.835995987327 -130.0 60.1
-130 70 -84.837696800033 -129.3 70.8
-130 10 -84.743298724890 -131.7 10.1
-130 80 -84.835833949636 -129.2 80.9
-130 90 -84.837986324009 -129.4 90.4
-130 100 -84.838155979479 -130.0 99.7
-130 110 -84.836072249532 -130.7 109.0
-130 130 -84.828233874454 -131.1 128.9
-130 150 -84.826317469199 -129.3 150.9
-130 140 -84.824063306559 -129.6 140.5
-130 160 -84.828772018281 -129.7 160.8
-130 170 -84.830807251093 -129.9 170.7
-130 120 -84.847568552124 -126.5 120.3
-120 -170 -84.833660200395 -119.8 -169.2
-120 -180 -84.831435683566 -119.7 -179.2
-120 -160 -84.836211079584 -119.7 -159.1
-120 -150 -84.838783084271 -119.8 -149.1
-120 -110 -84.739211271332 -119.9 -110.0
-120 -120 -84.733349422479 -119.3 -119.3
-120 -100 -84.739140525391 -119.9 -100.1
-120 -140 -84.725949248796 -120.2 -139.7
-120 -90 -84.742031745711 -120.0 -88.3
-120 -130 -84.730918062204 -119.3 -129.1
-120 -80 -84.746736575531 -120.1 -78.9
-120 -70 -84.748977079336 -120.0 -69.8
-120 0  
-120 10  
-120 20  
-120 -50 -84.731947645567 -119.9 -50.2
-120 40  
-120 -60 -84.701179502418 -120.2 -60.1
-120 -40 -84.856654810570 -119.9 -39.8
-120 30 -84.701968452339 -121.2 28.9
-120 50 -84.835818083060 -119.8 50.2
-120 -20 -84.854942040214 -120.0 -20.7
-120 60 -84.837531834407 -119.1 60.9
-120 -30 -84.856015832483 -119.8 -30.1
-120 -10 -84.851765463315 -119.4 -10.6
-120 70 -84.839804926407 -119.4 70.5
-120 80 -84.838523381219 -119.2 80.6
-120 90 -84.839081403385 -119.9 89.8
-120 100 -84.837260186649 -120.5 99.0
-120 120 -84.824798493026 -120.6 118.9
-120 110 -84.833240102080 -121.2 108.4
-120 150 -84.828042220077 -119.6 150.6
-120 130 -84.842215013720 -117.7 128.9
-120 160 -84.829462921245 -119.8 160.6
-120 170 -84.831573499858 -119.6 170.9
-120 140 -84.857451020751 -119.8 139.9
-110 -180 -84.832297704977 -109.6 -179.2
-110 -140 -84.738837492827 -109.9 -139.8
-110 -170 -84.834699122413 -109.6 -169.1
-110 -160 -84.837136875608 -109.7 -159.2
-110 -130 -84.739303281532 -110.0 -129.9
-110 -150 -84.720186085726 -111.0 -150.0
-110 -120 -84.739571278174 -109.9 -120.0
-110 -110 -84.740062993385 -109.7 -109.9
-110 -90 -84.742348153858 -109.9 -88.3
-110 -100 -84.740220839413 -109.7 -100.0
-110 -80 -84.746979162455 -110.0 -78.9
-110 -70 -84.748927659871 -110.1 -69.9
-110 -20 -84.734103527616 -110.1 -19.9
-110 0 -84.736024529650 -110.2 0.5
-110 -10 -84.734798405525 -110.1 -9.6
-110 -50 -84.855615748125 -109.7 -49.0
-110 -40 -84.855998866919 -110.2 -39.7
-110 -60 -84.851034725175 -110.2 -58.6
-110 30 -84.742006513979 -109.6 30.9
-110 10 -84.834070023524 -109.8 10.4
-110 -30 -84.855643632164 -109.2 -29.7
-110 20 -84.857192696006 -110.8 20.4
-110 40 -84.818174591973 -109.7 40.1
-110 50 -84.837624357738 -109.0 51.0
-110 70 -84.839209592779 -109.1 70.7
-110 90 -84.838658676352 -110.5 89.1
-110 80 -84.840187438676 -109.7 79.9
-110 60 -84.840139594092 -109.2 60.7
-110 110 -84.826698619849 -110.3 108.9
-110 100 -84.834799776783 -111.0 98.4
-110 120 -84.825026649095 -109.5 119.8
-110 150 -84.860177755810 -109.2 150.3
-110 130 -84.826916289518 -109.1 130.5
-110 160 -84.830483226888 -109.4 160.8
-110 140 -84.855686578323 -109.6 140.1
-110 170 -84.832950433742 -109.5 170.7
-100 -180 -84.833403494375 -99.7 -179.3
-100 -170 -84.818343629813 -99.4 -169.7
-100 -140 -84.731811051772 -99.5 -138.9
-100 -130 -84.739703350605 -100.0 -129.8
-100 -160 -84.823452820484 -99.9 -160.3
-100 -100 -84.741033089476 -99.9 -100.0
-100 -120 -84.740256052448 -100.0 -119.8
-100 -110 -84.740793807008 -99.9 -109.9
-100 -90 -84.742319684075 -100.1 -88.4
-100 -80 -84.746764005919 -100.2 -78.9
-100 -150 -84.742775330079 -99.3 -149.8
-100 -70 -84.737501869287 -99.9 -70.8
-100 -60 -84.825063699544 -100.0 -59.8
-100 -50 -84.743295364232 -100.0 -50.3
-100 -40 -84.742211263700 -100.1 -40.4
-100 -20 -84.733609888486 -100.2 -19.9
-100 -30 -84.741067217217 -100.1 -30.3
-100 30 -84.742665747511 -100.0 30.8
-100 -10 -84.833564769207 -99.8 -10.1
-100 0 -84.828965529875 -99.6 0.3
-100 20 -84.835141350964 -99.4 20.5
-100 40 -84.837903557863 -99.1 40.8
-100 10 -84.833387385423 -99.4 10.6
-100 50 -84.840500274923 -99.2 50.7
-100 70 -84.841265564257 -99.7 70.0
-100 100 -84.829415497645 -99.9 99.1
-100 60 -84.839907467923 -99.0 60.8
-100 110 -84.827572406403 -99.4 109.6
-100 80 -84.840114660068 -100.3 79.2
-100 90 -84.836743328338 -100.8 88.6
-100 130 -84.829212834638 -99.5 130.1
-100 140 -84.829270996888 -99.8 140.1
-100 120 -84.828577480445 -99.0 120.3
-100 150 -84.855744433753 -101.5 150.1
-90 -180 -84.637075410029 -90.3 179.7
-100 170 -84.831497104528 -98.3 171.3
-100 160 -84.762044288785 -99.9 159.8
-90 -140 -84.738775847524 -90.2 -139.8
-90 -160 -84.724991868290 -89.8 -158.6
-90 -120 -84.740158653748 -90.1 -119.8
-90 -130 -84.739499130043 -90.2 -129.8
-90 -110 -84.740682220824 -90.2 -109.9
-90 -170 -84.739294042536 -90.2 -170.0
-90 -100 -84.859286570521 -89.8 -100.1
-90 -90  
-90 -60 -84.744090065554 -90.1 -60.4
-90 -70 -84.824471559522 -90.0 -69.6
-90 -40 -84.840078255615 -88.5 -39.5
-90 -80 -84.796235769067 -92.8 -78.8
-90 -150 -84.690701522702 -89.7 -150.0
-90 10 -84.835571704258 -89.2 10.6
-90 -30 -84.826839057981 -89.5 -29.8
-90 0 -84.833700983959 -89.3 0.5
-90 -50 -84.814616755968 -88.7 -50.1
-90 -20 -84.834623265782 -89.9 -20.2
-90 -10 -84.832387819172 -89.4 -9.7
-90 20 -84.836977045874 -89.4 20.4
-90 30 -84.838287699526 -89.2 30.6
-90 50 -84.840202731126 -89.1 50.9
-90 60 -84.842004360012 -89.7 60.2
-90 40 -84.840649987801 -89.2 40.8
-90 90 -84.832551052980 -89.7 89.3
-90 80 -84.835044813942 -90.2 79.1
-90 100 -84.830886784610 -89.2 99.6
-90 110 -84.830944298454 -89.0 110.1
-90 70 -84.841474395230 -90.2 69.4
-90 130 -84.830171054835 -89.8 129.8
-90 140 -84.829930841491 -89.4 140.5
-90 120 -84.830882846680 -89.5 119.9
-90 150 -84.832247796316 -89.2 150.8
-90 160 -84.639240071602 -89.9 159.8
-90 170 -84.638514435456 -90.1 169.6
-80 -160 -84.821796144403 -80.8 -160.4
-80 -180 -84.735400978949 -79.8 179.7
-80 -130 -84.738774579754 -80.3 -129.8
-80 -140 -84.738134364864 -80.3 -139.8
-80 -120 -84.852681592368 -79.4 -120.7
-80 -170 -84.836720225464 -80.1 -169.5
-80 -50 -84.843366686783 -78.4 -49.5
-80 -60 -84.842092524528 -78.4 -59.7
-80 -90 -84.749092130369 -80.4 -89.9
-80 -150 -84.819370634319 -79.8 -150.2
-80 -80 -84.825158774468 -80.0 -80.0
-80 -30 -84.836090346323 -79.9 -30.4
-80 -70 -84.738602965080 -80.0 -70.3
-80 -100 -84.678271921761 -80.8 -102.4
-80 -20 -84.830317848526 -79.6 -19.9
-80 -40 -84.827755770165 -79.7 -40.0
-80 -10 -84.834391911956 -79.3 -9.5
-80 -110 -84.705289120890 -89.4 -107.0
-80 0 -84.836133907311 -79.2 0.7
-80 20 -84.838610221099 -79.5 20.5
-80 10 -84.837669567523 -79.4 10.4
-80 60 -84.838047729885 -80.0 59.8
-80 50 -84.842053965705 -79.7 50.4
-80 30 -84.840504848708 -79.4 30.7
-80 70 -84.836994973577 -80.0 69.5
-80 40 -84.839874583591 -79.2 41.0
-80 80 -84.835557281198 -79.5 79.6
-80 90 -84.834411052637 -79.1 89.7
-80 110 -84.833029015358 -79.6 109.6
-80 100 -84.833735578179 -79.2 99.9
-80 120 -84.831571535823 -80.0 119.5
-80 130 -84.830336972096 -79.7 130.2
-80 140 -84.832107742758 -79.2 140.8
-80 170 -84.736550486600 -80.2 169.1
-80 150 -84.836362710492 -78.5 151.3
-70 -180 -84.717085920055 -71.2 176.7
-80 160 -84.836806504244 -79.0 160.9
-70 -160 -84.856309344610 -69.2 -160.2
-70 -170 -84.712727349784 -68.9 -170.8
-70 -130 -84.856047905098 -69.4 -130.2
-70 -150 -84.862067621018 -69.8 -150.0
-70 -140 -84.861590981190 -69.7 -140.2
-70 -80  
-70 -100 -84.752975965164 -69.9 -100.0
-70 -110 -84.834630599837 -69.4 -109.3
-70 -50 -84.828712051896 -69.9 -50.2
-70 -120 -84.833359327060 -70.1 -121.1
-70 -90 -84.739027416397 -69.8 -89.8
-70 -40 -84.836842929472 -69.0 -40.0
-70 -30 -84.831708369631 -69.7 -30.2
-70 -70 -84.655305758903 -70.0 -70.0
-70 -10 -84.836837273421 -69.2 -9.4
-70 -60 -84.741933896406 -70.1 -60.4
-70 0 -84.838384681194 -69.4 0.4
-70 -20 -84.835352693485 -69.2 -19.6
-70 50 -84.838083525838 -70.0 50.2
-70 20 -84.840008048698 -69.6 20.6
-70 60 -84.838131432436 -69.9 59.9
-70 30 -84.838792494752 -69.5 31.0
-70 10 -84.838992082504 -69.7 10.1
-70 40 -84.841276473912 -69.9 40.5
-70 80 -84.837615601784 -69.3 79.8
-70 70 -84.752805834396 -70.1 70.3
-70 100 -84.828278508929 -68.9 99.5
-70 90 -84.836615875291 -69.4 89.7
-70 110 -84.826936738005 -68.9 109.7
-70 130 -84.832085395051 -69.3 130.7
-70 140 -84.741301929746 -70.4 139.5
-70 150 -84.738741370639 -70.7 148.9
-70 120 -84.831509604789 -68.6 120.5
-70 160 -84.733969193681 -71.0 158.0
-70 170 -84.728132172403 -70.1 168.9
-60 -150 -84.734489076903 -60.1 -149.7
-60 -170 -84.785667734574 -59.9 -170.1
-60 -180 -84.722296713111 -60.1 179.6
-60 -140 -84.704867268638 -60.4 -142.7
-60 -100 -84.840145633684 -57.8 -99.7
-60 -130 -84.839141255923 -60.1 -131.1
-60 -80 -84.849769555971 -58.4 -79.7
-60 -120 -84.766956536790 -54.8 -120.0
-60 -110 -84.832585937466 -60.6 -111.6
-60 -160 -84.799041745349 -60.3 -160.5
-60 -70 -84.828681261293 -59.4 -70.3
-60 -50 -84.832110820566 -58.4 -49.4
-60 -90 -84.811146641365 -57.5 -87.6
-60 -20 -84.837706219338 -59.2 -19.5
-60 -30 -84.836545935528 -59.3 -29.7
-60 -10 -84.839106629881 -59.4 -9.6
-60 30 -84.835307720819 -60.0 30.7
-60 10 -84.839216873775 -60.0 10.3
-60 -60 -84.741367527925 -59.7 -59.8
-60 -40 -84.833545657294 -58.7 -39.5
-60 20 -84.837049129177 -59.8 20.9
-60 0 -84.841853057506 -59.3 0.5
-60 100  
-60 50 -84.838148757919 -59.8 50.4
-60 40 -84.837019249940 -60.1 40.4
-60 60 -84.839213214282 -59.5 60.3
-60 70 -84.839973684069 -59.4 70.1
-60 80 -84.836622023720 -59.0 79.4
-60 160  
-60 90 -84.781025952062 -60.2 89.9
-60 110 -84.863861978430 -59.3 109.8
-60 140 -84.805083829976 -60.1 139.8
-60 120 -84.863417549565 -59.7 119.8
-60 130 -84.835563534782 -59.7 130.7
-50 -180  
-60 150 -84.721033219549 -60.1 151.1
-60 170 -84.719187596121 -60.2 169.8
-50 -140 -84.680885629250 -47.5 -140.2
-50 -170  
-50 -150 -84.713817442483 -49.4 -150.8
-50 -110 -84.838459692817 -50.2 -111.0
-50 -160 -84.799281894301 -50.0 -160.2
-50 -130 -84.704792915543 -48.8 -129.3
-50 -80 -84.854222423100 -48.7 -79.7
-50 -100 -84.835528500428 -49.9 -100.9
-50 -120 -84.653495002295 -50.3 -120.1
-50 -90 -84.783442962802 -49.7 -90.5
-50 -60 -84.834656475456 -49.1 -59.8
-50 -50 -84.835272915297 -49.3 -49.9
-50 -40 -84.836256140369 -49.5 -40.0
-50 -10 -84.844201697796 -49.6 -9.7
-50 -20 -84.839873345790 -49.5 -19.7
-50 -70 -84.833546462976 -48.5 -69.4
-50 -30 -84.841199094751 -49.5 -30.0
-50 10 -84.834876608074 -50.0 10.7
-50 0 -84.842790796523 -50.0 0.1
-50 20 -84.833120056134 -50.1 20.7
-50 70 -84.840709051618 -49.2 69.8
-50 30 -84.835046961303 -50.2 30.6
-50 50 -84.839184840921 -49.5 50.7
-50 80 -84.839345704227 -49.3 79.3
-50 40 -84.837050906699 -49.9 40.7
-50 60 -84.840540918445 -49.1 60.3
-50 140  
-50 90 -84.836437841151 -49.5 88.8
-50 130 -84.858187171653 -50.9 129.3
-50 110 -84.801838006417 -49.6 110.3
-50 100 -84.744558976176 -50.1 99.7
-50 170 -84.864043336375 -49.6 169.4
-50 120 -84.765754585836 -38.6 120.0
-50 160 -84.817777748829 -48.3 160.4
-40 -180 -84.800582097332 -40.2 179.8
-50 150 -84.821515760118 -49.2 151.5
-40 -160 -84.709746189395 -40.5 -160.8
-40 -170 -84.799126818270 -40.2 -170.3
-40 -130 -84.779259002639 -40.2 -130.1
-40 -100 -84.848453276725 -39.3 -97.8
-40 -140 -84.549485396770 -37.2 -135.0
-40 -150 -84.847637887899 -40.4 -150.8
-40 -70 -84.859203297762 -40.7 -70.1
-40 -80 -84.833158260492 -39.1 -79.7
-40 -90 -84.833347874289 -39.8 -90.7
-40 -110 -84.734068452657 -40.5 -109.8
-40 -60 -84.857236504011 -41.2 -61.3
-40 -120 -84.730832845343 -39.2 -119.2
-40 -50 -84.836220315015 -39.6 -49.9
-40 -40 -84.836530031504 -39.9 -40.0
-40 -10 -84.831164910261 -40.4 -9.8
-40 -30 -84.844788744716 -39.5 -30.0
-40 -20 -84.844731373884 -39.8 -20.1
-40 0 -84.832644919674 -40.2 0.5
-40 10 -84.830658766061 -40.2 10.6
-40 50 -84.841651634760 -39.3 50.6
-40 20 -84.832581623692 -40.1 20.7
-40 60 -84.842892621938 -39.4 60.2
-40 30 -84.835118413275 -39.8 30.9
-40 40 -84.838015295424 -39.6 41.0
-40 70 -84.842770370310 -39.5 69.7
-40 80 -84.841026271951 -39.6 79.2
-40 90 -84.838052412179 -39.6 88.8
-40 130 -84.833687255553 -40.3 130.3
-40 100 -84.741213481919 -40.3 99.5
-40 150 -84.867971828366 -40.1 149.5
-40 140 -84.869254765497 -40.1 139.7
-40 120 -84.722815352970 -40.0 119.8
-40 110 -84.709774213804 -39.1 111.9
-40 160 -84.729925574010 -40.9 158.2
-40 170 -84.804113954308 -40.4 169.8
-30 -180 -84.837815473516 -30.2 179.5
-30 -140 -84.773891656613 -30.0 -140.1
-30 -160 -84.799796726960 -29.8 -160.1
-30 -130 -84.650100470005 -29.8 -130.1
-30 -170 -84.692699338889 -29.1 -169.5
-30 -110 -84.834474914067 -29.6 -110.4
-30 -120 -84.774576730730 -30.0 -119.9
-30 -100 -84.832649811302 -30.0 -100.8
-30 -150 -84.711655482578 -30.3 -150.2
-30 -50 -84.837107920256 -29.9 -50.1
-30 -70 -84.838981754912 -29.8 -70.0
-30 -40 -84.836837379102 -30.0 -40.0
-30 -60 -84.837052033102 -29.7 -59.9
-30 -30 -84.836885946063 -30.1 -30.0
-30 -90 -84.850644918373 -30.2 -90.2
-30 20 -84.832862220627 -29.7 21.0
-30 10 -84.830187998415 -30.0 10.7
-30 -80 -84.838531753732 -29.4 -79.6
-30 -10 -84.830866584291 -30.1 -9.6
-30 -20 -84.829668073598 -30.0 -19.7
-30 30 -84.836123811805 -29.4 31.2
-30 0 -84.832338226558 -30.1 0.5
-30 100  
-30 50 -84.843261278052 -29.6 50.5
-30 40 -84.841152096813 -29.5 40.8
-30 120  
-30 70 -84.843915854014 -29.7 69.6
-30 90 -84.839243505682 -29.9 88.8
-30 60 -84.844299646478 -29.7 60.1
-30 80 -84.842241640464 -29.7 79.2
-30 110 -84.809862461539 -27.3 112.4
-30 140 -84.868362690099 -30.5 139.6
-30 130 -84.856136311805 -30.6 129.8
-30 160 -84.839216840338 -29.7 159.8
-30 170 -84.839471019352 -30.1 169.3
-30 150 -84.839959573122 -29.8 149.8
-20 -160 -84.796894456323 -19.7 -160.2
-20 -120 -84.607499457849 -18.7 -120.1
-20 -170 -84.800652117834 -19.7 -169.9
-20 -180 -84.660018027137 -18.3 -179.4
-20 -100 -84.832924857392 -19.7 -100.3
-20 -110 -84.835407003629 -19.8 -110.7
-20 -140 -84.840498864957 -20.0 -140.9
-20 -150 -84.807037657026 -19.6 -150.0
-20 -130 -84.809493671299 -19.8 -130.1
-20 -90 -84.834219052799 -19.5 -89.7
-20 -60 -84.837539438055 -20.0 -60.2
-20 -70 -84.835248038402 -19.7 -69.8
-20 -80 -84.840318725261 -19.6 -79.8
-20 -30 -84.829126221972 -19.7 -29.7
-20 -50 -84.837020253244 -20.0 -50.1
-20 -20 -84.830014067300 -19.9 -19.8
-20 10 -84.830922060917 -19.6 11.0
-20 -40 -84.836566430432 -20.2 -40.2
-20 0 -84.828490869673 -19.8 0.6
-20 20 -84.834251019710 -19.3 21.3
-20 -10 -84.830996061644 -19.9 -9.7
-20 30 -84.839607064060 -19.7 30.9
-20 50 -84.844155531919 -19.8 50.5
-20 40 -84.842235067937 -19.7 40.8
-20 70 -84.844679147272 -19.8 69.6
-20 80 -84.842723366569 -20.1 79.0
-20 120  
-20 90 -84.838679348403 -20.4 88.4
-20 60 -84.845031162509 -19.8 60.1
-20 110 -84.832408719607 -19.8 110.0
-20 100 -84.836473684789 -20.6 99.2
-20 130 -84.818773222120 -20.0 130.7
-20 140 -84.836484419049 -19.8 140.1
-10 -180  
-20 150 -84.840974140820 -19.6 149.8
-20 160 -84.843679577266 -20.4 159.5
-10 -170 -84.707180454572 -6.6 -166.0
-10 -160 -84.800769084573 -9.5 -160.2
-10 -130 -84.839044878873 -9.4 -130.1
-20 170 -84.796503367643 -19.8 170.1
-10 -120 -84.833502802936 -9.6 -120.5
-10 -110 -84.834990386223 -9.8 -110.6
-10 -140 -84.840666147672 -9.9 -140.7
-10 -150 -84.842703843758 -10.0 -150.6
-10 -90 -84.836462853648 -9.5 -89.8
-10 -70 -84.837824845378 -10.1 -70.2
-10 -40 -84.829693916674 -9.4 -39.8
-10 -100 -84.835916703335 -9.9 -100.2
-10 -80 -84.838185572514 -10.5 -80.2
-10 -10 -84.827829995402 -9.5 -9.5
-10 -60 -84.837105279954 -9.9 -60.1
-10 -50 -84.829078225729 -9.3 -49.8
-10 -30 -84.830268476824 -9.6 -29.8
-10 -20 -84.830762610475 -9.7 -19.8
-10 0 -84.829912394583 -9.2 0.9
-10 10 -84.833030642529 -9.1 11.1
-10 30 -84.840336881387 -9.8 30.9
-10 20 -84.837531709245 -9.8 20.9
-10 50 -84.844666071432 -9.8 50.5
-10 60 -84.845568610756 -9.9 60.1
-10 110  
-10 120  
-10 40 -84.842868554876 -9.8 40.7
-10 70 -84.844806184959 -10.1 69.4
-10 80 -84.841686908228 -10.6 78.6
-10 90 -84.836639677338 -10.8 88.3
-10 130 -84.813428152026 -10.1 130.6
-10 100 -84.756043899167 -9.9 99.2
-10 150 -84.840917063787 -10.1 149.4
0 -180 -84.842974779759 0.5 -179.3
-10 160 -84.716034866258 -11.6 156.5
-10 140 -84.840532007883 -9.7 139.5
-10 170 -84.797067906958 -9.5 170.2
0 -170 -84.843068068662 0.1 -170.1
0 -140 -84.837683970599 0.3 -140.4
0 -110 -84.835061902173 0.3 -110.8
0 -150 -84.842903587750 0.1 -150.6
0 -130 -84.840062697909 0.8 -130.3
0 -120 -84.838414001860 0.4 -120.9
0 -160 -84.718808015869 0.6 -159.5
0 -100 -84.835604545868 0.4 -99.7
0 -70 -84.830275829918 1.1 -69.8
0 -60 -84.830916109491 1.0 -59.8
0 -90 -84.840231548682 0.1 -90.2
0 -40 -84.831643879407 0.7 -39.9
0 -80 -84.838224042344 0.0 -80.3
0 -50 -84.831365111647 0.8 -49.9
0 -20 -84.828473772851 0.8 -19.6
0 -10 -84.830131453105 1.0 -9.3
0 20 -84.838152536611 0.1 20.9
0 -30 -84.831683678088 0.5 -30.0
0 0 -84.832917901264 1.2 1.0
0 30 -84.840920370543 0.2 30.9
0 10 -84.835534912181 0.2 10.8
0 40 -84.843304416698 0.2 40.8
0 60 -84.845520213472 -0.2 59.8
0 50 -84.845120365560 0.1 50.4
0 110  
0 90 -84.833823211016 -1.0 88.2
0 120 -84.835469208366 1.1 120.5
0 80 -84.839207684384 -1.0 78.3
0 70 -84.838187424222 -0.1 69.4
0 100 -84.758829493072 -0.3 100.3
0 130 -84.833725889802 0.5 129.9
0 160 -84.717864878992 0.3 161.1
0 140 -84.846374755189 0.5 139.6
0 150 -84.844856458005 0.4 149.4
10 -140 -84.836756704031 11.1 -140.0
10 -160 -84.841246588833 10.4 -160.2
10 -170 -84.808789692271 10.8 -169.8
10 -130 -84.842393737394 10.8 -130.5
10 -120 -84.835773340860 10.6 -120.8
10 -110 -84.836515398231 10.6 -110.8
10 -100 -84.834171107768 10.5 -100.6
10 -150 -84.812976083324 10.5 -149.9
0 170 -84.794260181712 0.9 170.3
10 -180 -84.804300335792 10.8 -179.7
10 -60 -84.834070624597 11.1 -60.0
10 -80 -84.833141401415 11.3 -79.8
10 -30 -84.830345406791 11.1 -29.7
10 -20 -84.831663901789 11.3 -19.4
10 -70 -84.833777546722 11.3 -69.8
10 -90 -84.846764403479 10.6 -90.4
10 -50 -84.834061795484 10.9 -50.0
10 -40 -84.833730655720 10.6 -40.2
10 30 -84.841382585204 10.2 30.9
10 -10 -84.834068679385 11.5 -9.1
10 50 -84.845035761748 9.8 50.1
10 0 -84.836846651517 11.3 0.9
10 20 -84.838864189283 10.2 20.8
10 10 -84.836271303962 10.2 10.7
10 40 -84.843749949660 10.1 40.7
10 60 -84.844240670212 9.3 59.3
10 110 -84.837938558600 11.3 110.3
10 80 -84.728996810958 10.0 79.9
10 100 -84.837659832164 10.9 99.8
10 120 -84.839780652817 10.8 120.1
10 130 -84.839575013418 10.5 129.7
10 70 -84.749489239264 10.1 69.9
10 90 -84.748509488376 9.9 89.5
10 150 -84.842383864677 10.6 149.4
10 140 -84.844056680825 10.6 139.5
20 -150 -84.842065492436 20.7 -150.2
20 -180 -84.702446255926 20.2 -180.0
20 -140 -84.846178881901 20.9 -140.2
10 170 -84.842605856266 10.8 170.9
10 160 -84.800318034084 10.7 160.3
20 -160 -84.843043878592 20.6 -160.3
20 -130 -84.840299631955 20.8 -130.6
20 -120 -84.841418431111 20.8 -120.8
20 -110 -84.838687994836 20.8 -110.8
20 -100 -84.835078174796 21.4 -100.0
20 -80 -84.837349531454 21.4 -79.8
20 -50 -84.833262737144 21.1 -50.1
20 -60 -84.837370546028 21.1 -60.1
20 -90 -84.836548598587 21.5 -89.7
20 -40 -84.833326253588 21.3 -39.8
20 -170 -84.845368639049 20.8 -169.7
20 -70 -84.837609148361 21.3 -70.0
20 -30 -84.834433040418 21.6 -29.5
20 -20 -84.836326611961 21.6 -19.3
20 20 -84.839395883940 20.2 20.9
20 -10 -84.838641205554 21.5 -9.3
20 10 -84.837119839369 20.3 10.7
20 30 -84.841877913289 20.2 30.8
20 40 -84.843690526978 19.8 40.4
20 0 -84.834964042522 20.3 0.6
20 50 -84.841742595338 21.1 50.2
20 80  
20 100 -84.837167692524 21.1 100.4
20 60 -84.842364350538 21.2 60.0
20 70 -84.811054268035 19.7 68.7
20 120 -84.842075348155 20.8 119.9
20 110 -84.842014924862 21.0 110.2
20 140 -84.845964260880 20.8 139.7
20 90 -84.813143434597 20.8 89.6
20 150 -84.714381049852 19.3 151.7
20 130 -84.844564935609 20.5 129.5
30 -160 -84.844907301007 30.6 -160.3
20 160 -84.842882360430 21.3 161.0
30 -150 -84.844528161559 30.8 -150.1
30 -170 -84.849419741699 31.0 -169.6
30 -140 -84.844138446876 30.9 -140.3
30 -130 -84.842751537922 30.9 -130.6
30 -180 -84.853112519827 31.0 -179.4
30 -100 -84.840350485930 31.7 -99.7
30 -120 -84.843870446844 30.9 -120.8
20 170 -84.800290160200 20.6 170.1
30 -80 -84.841649812739 31.3 -80.0
30 -90 -84.841327516371 31.6 -89.8
30 -70 -84.841377359877 31.2 -70.2
30 -110 -84.841320127633 30.9 -110.8
30 -60 -84.837333451568 31.4 -60.1
30 -20 -84.841289020696 31.5 -19.5
30 -40 -84.838209694780 31.7 -39.6
30 -50 -84.837336666362 31.6 -49.8
30 -10 -84.842398924868 31.0 -9.8
30 -30 -84.839562845944 31.8 -29.4
30 10 -84.837893239557 30.3 10.7
30 0 -84.836011865647 30.3 0.6
30 20 -84.840004023910 30.2 20.7
30 50 -84.841359829877 29.1 49.2
30 60 -84.846062879128 31.2 59.8
30 30 -84.819965682219 30.6 30.1
30 40 -84.842574175095 29.5 39.9
30 100 -84.844279257659 31.0 100.3
30 70 -84.748640684590 30.1 69.8
30 80 -84.843186006360 30.8 79.2
30 90 -84.837077815296 30.4 89.3
30 140 -84.843700644658 31.1 139.8
30 110 -84.844731664297 30.9 110.0
30 130 -84.844407119509 30.8 129.8
30 120 -84.844538453157 30.9 119.9
30 160  
40 -140 -84.846732629526 40.8 -140.3
40 -150 -84.847052927458 40.8 -149.9
40 -160 -84.853168294933 40.8 -159.9
40 -130 -84.848723683693 41.0 -130.5
40 -180 -84.850951182690 41.0 -179.3
30 150 -84.707541769348 29.1 151.6
30 170 -84.705333130690 29.6 170.1
40 -170 -84.852494625642 40.9 -169.6
40 -110 -84.844742088382 41.8 -109.9
40 -100 -84.845446037437 41.7 -99.8
40 -90 -84.845915743256 41.4 -90.0
40 -80 -84.845743388945 41.3 -80.2
40 -70 -84.841978133560 41.5 -70.1
40 -120 -84.846841768569 41.1 -120.7
40 -50 -84.842595853574 41.7 -49.8
40 -60 -84.841975969673 41.7 -59.9
40 -40 -84.843486923273 41.7 -39.6
40 -20 -84.844916079178 40.9 -20.0
40 30  
40 0 -84.835144220197 40.4 0.4
40 -30 -84.844508401839 41.4 -29.7
40 20 -84.838700703688 40.4 20.6
40 -10 -84.834761411183 40.8 -9.6
40 90  
40 10 -84.838464239059 40.1 10.5
40 50 -84.846767078927 40.5 49.9
40 40 -84.818175672942 40.0 39.5
40 60 -84.747733484820 40.1 59.9
40 110 -84.847369106505 40.9 110.1
40 100 -84.846947655840 40.9 100.2
40 120 -84.847079566557 40.7 119.9
40 130 -84.847118446877 41.0 130.0
40 140 -84.847120133745 41.2 140.0
40 80 -84.696636542006 40.4 79.3
40 70 -84.848238332609 40.9 69.3
40 170 -84.848683463790 41.0 170.8
40 150 -84.705744816020 39.0 151.4
50 -180 -84.853354835049 50.6 -179.4
50 -170 -84.854728772393 50.6 -169.6
50 -150 -84.849234319354 50.6 -149.9
50 -160 -84.855319999532 50.6 -159.9
50 -130 -84.851680499220 51.0 -130.4
50 -140 -84.852550720960 50.9 -140.1
50 -100 -84.846869643416 51.6 -100.1
50 -110 -84.849928407639 51.6 -109.8
50 -80 -84.846703661490 51.6 -80.0
50 -120 -84.850387533989 51.2 -120.4
50 -90 -84.850122534709 51.2 -90.1
50 -60 -84.847177469511 51.6 -59.9
50 -70 -84.846785663098 51.6 -70.0
40 160 -84.844751632262 40.8 160.6
50 -20 -84.846459587611 50.2 -20.5
50 -10 -84.836782219086 50.6 -9.8
50 -30 -84.847682254907 50.7 -30.3
50 -50 -84.847600700043 51.5 -49.8
50 0 -84.837849973353 50.5 0.4
50 -40 -84.847962140677 51.2 -40.0
50 10 -84.839225555767 50.4 10.4
50 30  
50 90  
50 70  
50 20 -84.840510761018 50.3 20.4
50 80 -84.740929351697 50.6 81.2
50 50 -84.852775161962 50.8 50.0
50 40 -84.826212935150 50.0 39.9
50 60 -84.852329810440 50.8 59.6
50 120 -84.849427312070 50.8 120.2
50 100 -84.849339411318 50.8 100.3
50 130 -84.850083469300 50.9 130.2
50 110 -84.849264954623 50.4 109.8
50 170 -84.851322752705 50.7 170.8
60 -170 -84.856235359700 60.4 -169.6
60 -180 -84.854889924776 60.4 -179.4
60 -160 -84.856809092717 60.3 -159.9
50 140 -84.852969278729 50.8 140.5
60 -140 -84.855158473989 60.9 -140.0
60 -150 -84.854693374039 60.7 -149.6
60 -110 -84.851382610041 61.3 -110.1
60 -120 -84.854163225228 61.3 -119.9
50 150 -84.845327059562 50.7 150.6
60 -130 -84.854740579426 61.0 -130.2
60 -100 -84.851115895011 61.3 -100.2
60 -90 -84.851066700146 61.4 -90.0
60 -80 -84.851115116438 61.4 -80.0
60 -60 -84.851524079219 61.2 -60.0
50 160 -84.854112403742 50.7 160.8
60 -70 -84.851360095157 61.4 -69.9
60 -50 -84.851334968935 60.9 -50.1
60 -40 -84.850453876366 60.4 -40.4
60 -20 -84.845770879569 59.6 -20.9
60 -30 -84.848558295759 59.9 -30.8
60 -10 -84.838188592366 60.3 -9.9
60 0 -84.838910780515 60.2 0.3
60 10 -84.838349582142 60.0 10.4
60 20 -84.846313617235 60.4 20.7
60 80 -84.826792192321 61.2 80.3
60 70 -84.729416151399 60.1 69.9
60 40 -84.747278975852 60.0 40.3
60 30 -84.820552252278 59.5 29.2
60 90 -84.849688789087 60.4 90.2
60 50 -84.747941209601 60.0 50.1
60 60 -84.854253841461 60.5 59.6
60 130 -84.852516495690 60.7 130.3
60 110 -84.850349644920 60.7 110.4
60 100 -84.853903263833 60.6 100.2
60 120 -84.851607577305 60.6 120.3
70 -180 -84.854726103685 70.2 -179.7
60 150 -84.846732022782 60.2 150.3
70 -150 -84.856698733369 70.6 -149.6
70 -170 -84.855393360010 70.2 -169.9
60 170 -84.852997389429 60.4 170.6
60 160 -84.850863559194 60.5 160.7
70 -120 -84.854940911168 71.0 -119.9
70 -130 -84.857472206571 70.8 -130.0
70 -110 -84.854908529497 71.1 -110.0
70 -160 -84.857731549809 70.1 -159.9
70 -140 -84.857490682678 70.7 -139.9
70 -100 -84.854644259638 71.0 -100.2
70 -90 -84.854660347432 71.1 -90.0
60 140 -84.802098529871 62.0 142.8
70 -70 -84.854680899993 70.9 -70.1
70 -80 -84.854788777027 71.0 -80.0
70 -60 -84.854155560883 70.6 -60.3
70 -50 -84.852845332177 70.1 -50.6
70 -40 -84.850403747324 69.6 -41.0
70 -30 -84.846936976058 69.3 -31.1
70 -20 -84.845953492721 70.6 -19.7
70 10 -84.850588630282 70.4 10.7
70 0 -84.848656508501 70.5 0.6
70 -10 -84.838559060160 69.9 -9.9
70 20 -84.852708700360 70.4 20.7
70 60 -84.740211500226 70.1 60.0
70 30 -84.857181016408 69.4 30.1
70 40 -84.747278939234 69.9 40.3
70 50 -84.855945189972 70.2 50.0
70 100 -84.851287937215 70.4 100.2
70 90 -84.851563854031 70.5 90.7
70 80 -84.849687597807 70.3 80.6
70 110 -84.852081440195 70.4 110.4
70 120 -84.853087953987 70.3 120.3
70 130 -84.858527392532 70.4 130.5
70 170 -84.853387710834 70.2 170.4
70 70 -84.854087378447 70.5 69.5
70 150 -84.850043677667 70.3 150.6
70 160 -84.851911055778 70.2 160.7
80 -180 -84.855278013007 80.1 -179.7
80 -170 -84.855936545687 80.1 -169.9
80 -150 -84.854688044291 80.6 -149.5
80 -130 -84.856875314262 80.6 -129.9
80 -120 -84.857360342872 80.6 -119.9
80 -110 -84.857504609442 80.7 -110.0
70 140 -84.852898153581 70.3 140.5
80 -140 -84.855914362330 80.7 -139.6
80 -160 -84.852765086612 80.5 -159.2
80 -100 -84.857224537960 80.7 -100.2
80 -90 -84.857144958582 80.7 -90.0
80 -70 -84.856148987584 80.2 -70.4
80 -80 -84.856895684920 80.5 -80.2
80 -60 -84.854539925162 79.8 -60.7
80 -40 -84.847791242496 79.0 -41.2
80 -50 -84.852097334115 79.7 -50.7
80 -30 -84.846370634372 80.2 -29.8
80 -10 -84.847945447489 80.2 -9.5
80 0 -84.849403410988 80.1 0.6
80 -20 -84.847009615631 80.2 -19.8
80 10 -84.851290951504 80.1 10.6
80 20 -84.853203537549 80.0 20.6
80 70  
80 30 -84.854686403801 79.9 30.4
80 90 -84.851697529803 80.3 90.3
80 100 -84.852426190806 80.4 100.2
80 110 -84.853131706724 80.3 110.2
80 80 -84.854535948436 80.3 80.4
80 50 -84.745655030922 79.9 50.2
80 40 -84.857357727039 80.1 40.5
80 130 -84.699997043882 79.7 130.0
80 120 -84.857618271340 80.1 120.6
80 60 -84.726422683172 79.2 57.6
90 -170 -84.850549393548 90.6 -169.2
90 -180 -84.855695454910 90.1 -179.7
80 170 -84.854099063264 80.2 170.5
90 -120 -84.858757396244 90.3 -119.8
90 -160 -84.854353438094 90.6 -159.1
90 -130 -84.858195809387 90.3 -129.7
90 -140 -84.857458048285 90.4 -139.7
90 -110 -84.858973105505 90.3 -110.1
80 150 -84.855312009904 80.1 150.4
90 -100 -84.858761650294 90.3 -100.1
90 -150 -84.856324228826 90.5 -149.6
80 160 -84.856637683897 80.1 160.4
90 -80 -84.857178693096 89.9 -80.5
90 -90 -84.858232037749 90.1 -90.3
90 -70 -84.855468385800 89.5 -70.7
80 140 -84.854207029728 79.8 140.1
90 -50 -84.848348456992 88.8 -51.3
90 -10 -84.848102041414 90.0 -9.6
90 -60 -84.853184448647 89.6 -60.7
90 -40 -84.846493379662 90.2 -39.9
90 -30 -84.846868025602 90.2 -29.8
90 -20 -84.847170358622 90.0 -19.9
90 0 -84.849551830505 90.0 0.5
90 10 -84.851200599747 89.9 10.5
90 20 -84.852724617655 89.8 20.5
90 30 -84.854070769113 89.7 30.4
90 70 -84.849548478453 90.5 71.0
90 50 -84.823102460531 90.2 50.3
90 40 -84.738534598861 90.2 40.3
90 90 -84.856722132775 90.4 90.4
90 80 -84.855387380636 90.4 80.4
90 100 -84.857390021421 90.2 100.1
90 60 -84.738590231398 90.2 59.9
90 120 -84.858046502183 89.9 120.4
90 110 -84.857391962058 90.0 110.0
90 150 -84.855630337525 90.2 150.4
90 160 -84.856969497992 90.1 160.4
90 170 -84.858272631395 90.1 170.4
90 140 -84.854477928915 90.2 140.4
100 -120 -84.859102233627 99.9 -119.9
100 -180 -84.853115964005 100.8 -178.8
100 -170 -84.852627301172 100.6 -169.2
100 -160 -84.855895235695 100.4 -159.3
100 -140 -84.858002252393 100.0 -139.8
100 -130 -84.858519007485 100.0 -129.7
90 130 -84.852837906804 89.7 130.0
100 -100 -84.858898374274 99.8 -100.2
100 -110 -84.859246077365 99.9 -110.0
100 -150 -84.857281040213 100.2 -149.7
100 -90 -84.857669614063 99.6 -90.6
100 -80 -84.855804252538 99.3 -80.8
100 -70 -84.852863396348 98.9 -71.1
100 -50 -84.846635633678 100.2 -50.0
100 -60 -84.848645356558 98.7 -61.5
100 -40 -84.846764454120 100.1 -39.9
100 -10 -84.848038511138 100.0 -9.6
100 -30 -84.846921614158 100.0 -30.0
100 -20 -84.847133029535 100.0 -19.8
100 10 -84.850656617360 99.8 10.5
100 0 -84.849307818180 100.0 0.5
100 20 -84.736813439330 99.7 20.3
100 70 -84.851288803168 100.6 71.0
100 80 -84.853640524541 100.3 80.6
100 90 -84.854793393500 100.0 90.2
100 60 -84.738515248875 100.1 59.9
100 30 -84.760603944969 100.4 29.8
100 50 -84.739576631706 99.9 50.3
100 40 -84.759584833175 100.6 39.6
100 100 -84.857467479782 99.9 99.9
100 150 -84.856139615267 100.2 150.4
100 110 -84.860673420455 99.9 110.2
100 170 -84.858769801802 100.2 170.4
100 120 -84.847854918358 100.0 120.1
100 140 -84.854962261397 100.3 140.4
100 130 -84.854095952482 100.1 130.2
100 160 -84.857460133293 100.2 160.5
110 -110 -84.858324447549 109.5 -110.1
110 -130 -84.857842379068 109.6 -129.7
110 -120 -84.858251883224 109.5 -119.9
110 -180 -84.851597153593 110.5 -179.0
110 -150 -84.857062001002 109.7 -149.9
110 -140 -84.857375882712 109.6 -139.9
110 -100 -84.857630563213 109.3 -100.4
110 -160 -84.856279377154 109.9 -159.6
110 -80 -84.852795033456 108.9 -81.1
110 -90 -84.855755675630 109.1 -90.8
110 -70 -84.849100478929 109.0 -71.2
110 -170 -84.854004308703 110.2 -169.4
110 -60 -84.846934518125 110.2 -60.1
110 -40 -84.846895938331 110.1 -40.0
110 -30 -84.846808706373 110.2 -29.9
110 -50 -84.846970408383 110.2 -50.0
110 -20 -84.847250204771 110.2 -19.8
110 -10 -84.848084611706 110.1 -9.7
110 10 -84.849647263345 109.6 10.2
110 0 -84.849081724478 109.9 0.3
110 70 -84.852668599724 110.3 70.7
110 90 -84.857291693099 109.8 89.9
110 40 -84.742208670983 110.0 39.4
110 20 -84.850217068712 109.3 20.2
110 80 -84.853941762092 109.9 80.2
110 50 -84.744408289683 109.0 50.1
110 30 -84.850818058489 109.1 30.2
110 60 -84.739661417732 110.2 60.1
110 100 -84.856546613121 109.7 99.8
110 130 -84.854737305160 110.3 130.3
110 110 -84.847774774989 110.0 109.9
110 120 -84.854180019790 110.2 120.1
120 -180 -84.852568124177 120.0 -179.3
110 150 -84.856870857106 110.3 150.4
110 160 -84.858050773793 110.2 160.4
120 -120 -84.856504434986 119.3 -119.9
110 170 -84.859167349055 110.0 170.3
120 -140 -84.855992485413 119.4 -139.9
110 140 -84.855704141328 110.3 140.4
120 -170 -84.854438020329 119.7 -169.5
120 -130 -84.856272459682 119.4 -129.9
120 -150 -84.855765654704 119.4 -149.9
120 -100 -84.855279803846 119.2 -100.5
120 -160 -84.855243954390 119.5 -159.8
120 -110 -84.856393562643 119.2 -110.2
120 -90 -84.853066927994 119.2 -90.9
120 -70 -84.847717027515 120.1 -70.3
120 -80 -84.849831737296 119.2 -81.1
120 -60 -84.847645749091 120.4 -60.0
120 -50 -84.847539710380 120.2 -50.1
120 -30 -84.847375676526 120.3 -29.9
120 -40 -84.847148079730 120.3 -40.0
120 -20 -84.847768487946 120.2 -19.8
120 0 -84.728284099980 119.9 0.4
120 -10 -84.847863347299 120.0 -10.0
120 10 -84.731701598703 119.1 10.1
120 20 -84.847383339263 118.8 20.0
120 60 -84.851388966487 120.2 60.7
120 40 -84.842126303367 120.0 40.7
120 50 -84.730690900084 120.0 49.9
120 80 -84.852864279955 119.4 79.9
120 30 -84.847672498411 118.8 30.2
120 70 -84.852735952235 119.8 70.2
120 90 -84.856025513381 119.5 89.7
120 100 -84.859271482314 119.7 100.0
120 130 -84.855673970612 120.4 130.3
120 110 -84.854630692505 120.3 110.1
120 120 -84.855049788054 120.3 120.1
120 140 -84.856574715092 120.3 140.3
120 160 -84.858258245743 119.9 160.3
130 -170 -84.852779330209 129.3 -169.9
130 -180 -84.851910964066 129.5 -179.5
130 -160 -84.854737143598 129.0 -160.2
120 150 -84.857448514345 120.1 150.3
130 -140 -84.853623786872 129.1 -139.9
130 -150 -84.853481811059 129.0 -150.0
130 -120 -84.854331452306 129.3 -119.9
130 -130 -84.853979426553 129.1 -129.9
120 170 -84.853727884258 120.4 171.1
130 -110 -84.854407551704 129.4 -110.1
130 -70 -84.848582960807 130.4 -70.1
130 -100 -84.853571097068 129.6 -100.5
130 -50 -84.847970229479 130.3 -50.0
130 -90 -84.851564786615 129.7 -90.9
130 -80 -84.849095762917 130.1 -80.6
130 -60 -84.848380605859 130.2 -60.2
130 -30 -84.848132136568 130.2 -30.0
130 -40 -84.848190547741 130.4 -40.0
130 -20 -84.837282514493 130.2 -19.9
130 -10 -84.731932555055 129.4 -10.0
130 0 -84.830784168558 129.2 -0.3
130 10 -84.729104820103 129.6 10.4
130 20 -84.843422340415 128.5 19.9
130 60 -84.851199707100 129.7 60.3
130 30 -84.629472642102 130.1 29.8
130 50 -84.823694207368 130.1 50.2
130 40 -84.740085231702 129.3 39.1
130 70 -84.849233113473 129.6 70.0
130 90 -84.858386731329 129.7 90.1
130 120 -84.856133295323 130.4 120.2
130 80 -84.854651379869 129.7 80.1
130 130 -84.856686160860 130.3 130.2
130 110 -84.855670858750 130.4 110.2
130 100 -84.853410014869 130.0 99.8
140 -180 -84.849712459326 139.0 -179.9
130 150 -84.857191729022 129.7 150.0
140 -170 -84.849694575797 138.8 -170.1
130 170 -84.850334382136 129.8 170.7
130 140 -84.857074942130 130.0 140.1
140 -150 -84.850342471143 138.9 -150.0
140 -160 -84.851059814460 138.7 -160.3
140 -140 -84.850623490833 139.0 -139.8
130 160 -84.851455492216 130.2 161.1
140 -130 -84.851324732571 139.1 -129.7
140 -100 -84.853285585638 140.1 -100.3
140 -110 -84.853725917196 140.1 -109.9
140 -90 -84.851762376678 140.3 -90.5
140 -120 -84.852769989739 139.9 -119.5
140 -70 -84.850867985095 140.4 -70.2
140 -80 -84.851195762081 140.6 -80.1
140 -60 -84.848931179584 140.2 -60.1
140 -40 -84.848962799453 140.2 -40.0
140 -50 -84.848884185416 140.3 -50.0
140 -30 -84.848421734974 139.8 -30.3
140 -20 -84.846898905101 139.3 -20.7
140 -10 -84.844102200697 138.5 -11.1
140 20 -84.737713394527 139.9 20.7
140 0 -84.835792806429 139.3 -0.5
140 30 -84.740021547337 139.8 30.7
140 50 -84.614578711848 139.7 50.1
140 10 -84.735594843261 139.9 10.6
140 40 -84.741893851784 139.8 40.4
140 60 -84.845127222544 139.3 60.3
140 70 -84.817091681226 140.0 69.7
140 100 -84.855957007069 140.3 100.4
140 80 -84.856763851409 139.5 80.3
140 110 -84.856854436426 140.4 110.2
140 90 -84.813335395788 140.0 89.5
140 120 -84.857197220071 140.2 120.0
140 170 -84.848837235027 139.4 170.5
140 130 -84.857012351973 139.9 129.8
150 -180 -84.846021380488 148.7 179.9
150 -170 -84.847756876060 148.5 -170.3
140 160 -84.851530487844 139.7 160.7
150 -150 -84.846907547030 148.9 -149.8
140 140 -84.856316699313 139.5 139.7
150 -160 -84.846909262682 148.7 -160.0
150 -140 -84.847695341749 149.1 -139.6
140 150 -84.855582777097 139.2 149.7
150 -120 -84.853264870874 150.3 -119.4
150 -130 -84.850934048279 150.3 -129.0
150 -110 -84.854292859132 150.2 -109.9
150 -80 -84.852471221219 150.3 -80.2
150 -70 -84.851686091811 150.2 -70.3
150 -100 -84.853850349139 150.2 -100.3
150 -90 -84.852922728090 150.4 -90.2
150 -60 -84.850935514451 150.3 -60.2
150 -50 -84.850327612168 150.1 -50.2
150 -40 -84.848996246992 149.7 -40.4
150 -30 -84.846925237073 149.1 -30.9
150 10 -84.758815305258 150.3 10.0
150 0 -84.733188688824 149.5 0.3
150 -20 -84.843158134863 148.3 -21.4
150 -10 -84.838796891422 147.8 -11.7
150 40 -84.732536076480 149.7 40.4
150 80 -84.851982934840 149.7 80.4
150 60 -84.831270265209 150.9 60.5
150 30 -84.729493758635 149.6 30.4
150 20 -84.736789031557 149.6 20.8
150 50 -84.730804970707 150.1 50.3
150 90 -84.853032594585 150.1 90.3
150 70 -84.851209869467 149.5 70.6
150 100 -84.857471472364 150.4 100.4
150 160 -84.845521812703 149.3 160.3
150 170 -84.846137811328 148.9 170.1
150 150 -84.848592785266 149.7 150.6
150 120 -84.857250938541 149.7 119.7
150 110 -84.858030082501 150.1 109.9
150 130 -84.855866575397 149.3 129.4
160 -180 -84.844143026724 158.4 179.6
150 140 -84.854063523652 149.0 139.5
160 -130 -84.851615487258 160.2 -129.1
160 -160 -84.843001396000 158.7 -159.9
160 -110 -84.854568189780 159.9 -110.0
160 -170 -84.843217866333 158.6 -170.2
160 -150 -84.843715255297 159.1 -149.5
160 -140 -84.848030616652 160.3 -138.6
160 -120 -84.853837669376 160.1 -119.5
160 -90 -84.853689366540 160.1 -90.2
160 -100 -84.854136452045 160.1 -100.2
160 -80 -84.852891757566 160.1 -80.3
160 -60 -84.851376832342 160.0 -60.3
160 -70 -84.852174507815 160.1 -70.2
160 -50 -84.849927796355 159.5 -50.8
160 0 -84.723572922967 159.6 0.2
160 -20 -84.837613398571 157.6 -22.0
160 10 -84.755920570224 160.2 9.9
160 -40 -84.847165999279 158.9 -41.2
160 20 -84.729699829665 159.5 20.1
160 -10 -84.831365952241 157.2 -12.0
160 -30 -84.843132738094 158.2 -31.6
160 60 -84.760148077341 161.1 59.9
160 30 -84.733526161391 159.4 29.9
160 70 -84.848326948269 159.8 70.6
160 40 -84.733271937660 159.5 40.0
160 90 -84.850622181351 160.0 90.4
160 80 -84.850195855756 160.2 80.7
160 100 -84.858063149825 159.9 100.2
160 50 -84.759405869678 160.6 50.3
160 120 -84.855540478449 159.1 119.1
160 150 -84.842475018875 159.3 150.2
160 110 -84.857655486187 159.6 109.6
160 140 -84.841713101538 159.6 140.3
160 160 -84.842645735617 158.9 160.0
160 170 -84.842325708061 158.7 169.8
160 130 -84.852684343059 158.9 129.1
170 -140 -84.848255483290 169.9 -138.7
170 -130 -84.851520922973 169.8 -129.2
170 -160 -84.842488469800 169.1 -159.5
170 -150 -84.843790743039 170.1 -148.3
170 -180 -84.841858203699 168.6 179.9
170 -110 -84.853949121174 169.6 -110.0
170 -170 -84.841771492040 168.7 -169.9
170 -120 -84.853413858864 169.7 -119.6
170 -100 -84.853892093972 169.8 -100.0
170 -80 -84.852861571166 169.9 -80.2
170 -90 -84.853435097050 169.8 -90.3
170 -60 -84.850680144986 169.4 -60.8
170 -70 -84.852146484352 169.9 -70.2
170 10  
170 20  
170 -30 -84.729030232014 169.3 -30.5
170 -20 -84.727963346847 169.4 -20.1
170 0 -84.716352785309 169.6 0.2
170 -50 -84.847614136555 168.8 -51.3
170 -40 -84.843219735054 168.2 -41.8
170 30 -84.723758148107 169.6 30.2
170 60 -84.762848964109 170.7 59.8
170 -10 -84.725171260943 169.7 -9.7
170 50 -84.744285075701 170.0 49.3
170 40 -84.730005574684 170.1 40.5
170 80 -84.853808692413 169.9 80.7
170 90 -84.855159672704 169.7 90.2
170 130 -84.839842275553 169.5 130.0
170 70 -84.847949822253 170.0 71.0
170 100 -84.854759749172 169.4 99.7
170 140 -84.839956339036 169.2 140.0
170 110 -84.855326444604 168.9 109.1
170 120 -84.852064480865 168.6 118.8
170 170 -84.838076372875 168.5 169.6
170 160 -84.843523833172 168.8 159.7
170 150 -84.839627770314 169.0 149.9
DONE
