100 -120 -84.818917098 99.9 -119.6 1 ok
100 -110 -84.819360247 99.8 -109.9 1 ok
100 -100 -84.819170141 99.6 -100.4 1 ok
100 -90 -84.818250670 99.1 -91.0 1 ok
100 -80 -84.816568526 98.5 -81.5 1 ok
100 -70 -84.814594553 99.1 -71.3 1 ok
100 -60 -84.812376142 98.7 -61.9 1 ok
100 -50 -84.809501119 98.2 -52.4 1 ok
100 -40 -84.805946934 98.1 -42.4 1 ok
100 -30 -84.802596145 98.7 -31.5 1 ok
100 -20 -84.801823440 99.6 -19.9 1 ok
100 -10 -84.802522015 99.8 -9.3 1 ok
100 0 -84.803880663 99.9 1.0 1 ok
100 10 -84.805558216 100.0 11.1 1 ok
100 20 -84.807248756 99.9 21.1 1 ok
100 30 -84.808822452 99.8 30.9 1 ok
100 40 -84.810435965 99.9 41.2 1 ok
100 50 -84.812339541 99.6 51.2 1 ok
100 60 -84.813703053 99.5 60.6 1 ok
100 70 -84.814250368 99.4 70.0 1 ok
100 80 -84.813917688 99.5 79.5 1 ok
100 90 -84.813216162 99.3 89.4 1 ok
100 100 -84.811968203 98.9 98.9 1 ok
100 110 -84.810186156 98.7 108.7 1 ok
100 120 -84.808233182 98.6 118.7 1 ok
100 130 -84.806381245 98.7 129.0 1 ok
100 140 -84.805039730 99.0 139.4 1 ok
100 150 -84.808033353 100.1 150.6 1 ok
100 160 -84.809067170 100.1 160.6 1 ok
100 170 -84.809860232 99.9 170.3 1 ok
100 -180 -84.810206995 99.8 180.0 1 ok
100 -170 -84.809976647 99.6 -170.4 0 ring
100 -160 -84.809183480 99.5 -160.7 0 ring
100 -150 -84.808042477 99.4 -150.8 1 ok
100 -140 -84.807019222 99.6 -140.4 1 ok
100 -130 -84.817735253 100.3 -130.1 1 ok
110 -120 -84.819991777 109.9 -119.7 1 ok
110 -110 -84.820106690 109.9 -110.1 1 ok
110 -100 -84.819877499 109.9 -100.5 1 ok
110 -90 -84.819081006 109.9 -90.9 1 ok
110 -80 -84.817634016 109.6 -81.3 1 ok
110 -70 -84.815616789 109.2 -71.6 1 ok
110 -60 -84.812984145 108.7 -62.2 1 ok
110 -50 -84.809532738 108.3 -52.7 1 ok
110 -40 -84.805416132 108.3 -42.6 1 ok
110 -30 -84.801740456 108.5 -31.9 1 ok
110 -20 -84.799262913 108.7 -21.2 1 ok
110 -10 -84.804017426 109.9 -9.3 1 ok
110 0 -84.805325307 109.9 0.9 1 ok
110 10 -84.806790993 109.6 10.9 1 ok
110 20 -84.808192094 109.2 20.9 1 ok
110 30 -84.809553796 109.0 30.9 1 ok
110 40 -84.811017239 109.0 40.9 1 ok
110 50 -84.812585970 109.2 50.8 1 ok
110 60 -84.814078671 109.5 60.9 1 ok
110 70 -84.815046043 109.3 70.4 1 ok
110 80 -84.815118741 109.0 79.6 1 ok
110 90 -84.814262022 108.8 89.0 1 ok
110 100 -84.812701007 108.7 98.6 1 ok
110 110 -84.810792148 108.8 108.7 1 ok
110 120 -84.808963949 108.9 118.9 1 ok
110 130 -84.807569318 109.1 129.2 1 ok
110 140 -84.809341507 110.2 140.5 1 ok
110 150 -84.810370937 110.2 150.6 1 ok
110 160 -84.811230777 109.9 160.4 1 ok
110 170 -84.811732018 109.6 170.1 1 ok
110 -180 -84.811743311 109.3 179.7 0 ring
110 -170 -84.811197495 109.1 -170.6 0 ring
110 -160 -84.810131764 109.1 -160.8 0 ring
110 -150 -84.808863388 109.1 -150.9 0 ring
110 -140 -84.808172203 109.4 -140.1 1 ok
110 -130 -84.819802793 109.7 -129.9 1 ok
120 -120 -84.819463412 119.4 -119.7 1 ok
120 -110 -84.819795661 119.5 -110.0 1 ok
120 -100 -84.819717529 119.7 -100.4 1 ok
120 -90 -84.818842269 119.6 -91.0 1 ok
120 -80 -84.817007097 119.3 -81.7 1 ok
120 -70 -84.814397537 118.7 -72.2 1 ok
120 -60 -84.811078154 118.4 -62.7 1 ok
120 -50 -84.806990845 118.4 -52.7 1 ok
120 -40 -84.802945961 118.6 -42.4 1 ok
120 -30 -84.799675005 119.0 -31.6 1 ok
120 -20 -84.804864759 120.6 -19.2 1 ok
120 -10 -84.805720883 119.8 -9.5 1 ok
120 0 -84.806483536 119.1 0.4 1 ok
120 10 -84.807164082 118.6 10.3 1 ok
120 20 -84.807704942 118.2 20.2 1 ok
120 30 -84.808040212 117.9 30.3 1 ok
120 40 -84.808916016 118.5 41.0 1 ok
120 50 -84.810745459 119.0 51.3 1 ok
120 60 -84.812245321 119.0 60.7 1 ok
120 70 -84.812919463 118.8 70.1 1 ok
120 80 -84.812678871 118.6 79.5 1 ok
120 90 -84.811845014 118.5 89.4 1 ok
120 100 -84.810813833 118.5 99.1 1 ok
120 110 -84.809290278 118.4 108.7 1 ok
120 120 -84.807073738 118.4 118.4 1 ok
120 130 -84.808843605 120.7 130.7 1 ok
120 140 -84.809809268 120.5 140.6 1 ok
120 150 -84.810558122 120.2 150.4 1 ok
120 160 -84.810994337 119.7 160.1 1 ok
120 170 -84.811053967 119.3 169.9 1 ok
120 -180 -84.810729985 119.1 179.6 0 ring
120 -170 -84.810039905 119.1 -170.6 0 ring
120 -160 -84.809039541 119.1 -160.7 0 ring
120 -150 -84.808111044 119.0 -150.5 0 ring
120 -140 -84.819779507 119.1 -139.8 1 ok
120 -130 -84.820131003 119.2 -129.9 1 ok
130 -120 -84.818422561 129.3 -119.3 1 ok
130 -110 -84.819204543 129.5 -109.8 1 ok
130 -100 -84.819295864 129.7 -100.3 1 ok
130 -90 -84.818289204 129.5 -91.2 1 ok
130 -80 -84.815966864 129.1 -82.2 1 ok
130 -70 -84.812649476 128.6 -72.5 1 ok
130 -60 -84.808859533 128.5 -62.7 1 ok
130 -50 -84.804726907 128.8 -52.5 1 ok
130 -40 -84.801059264 129.1 -42.1 1 ok
130 -30 -84.804824867 130.6 -29.7 1 ok
130 -20 -84.804980472 129.7 -20.0 1 ok
130 -10 -84.804969700 129.0 -10.2 1 ok
130 0 -84.804976496 128.5 -0.2 1 ok
130 10 -84.804925159 127.8 9.7 1 ok
130 20 -84.804576489 127.3 19.7 1 ok
130 30 -84.804807503 128.1 31.0 1 ok
130 40 -84.807028269 128.9 41.7 1 ok
130 50 -84.809294885 129.0 51.3 1 ok
130 60 -84.810729661 128.9 60.6 1 ok
130 70 -84.811158783 128.8 69.9 1 ok
130 80 -84.810685676 128.7 79.4 1 ok
130 90 -84.809862940 129.0 89.5 1 ok
130 100 -84.808844249 128.8 99.0 1 ok
130 110 -84.807064362 128.5 108.5 1 ok
130 120 -84.807138855 129.2 119.4 1 ok
130 130 -84.809988532 130.5 130.3 1 ok
130 140 -84.810317554 130.0 140.1 1 ok
130 150 -84.810288723 129.4 149.8 1 ok
130 160 -84.810006069 128.9 159.7 1 ok
130 170 -84.809554339 128.5 169.6 1 ok
130 -180 -84.809030117 128.5 179.6 0 ring
130 -170 -84.808294320 128.4 -170.6 0 ring
130 -160 -84.807275688 128.4 -160.8 0 ring
130 -150 -84.806342191 128.6 -150.2 0 ring
130 -140 -84.818169663 128.5 -139.7 1 ok
130 -130 -84.818629722 128.7 -129.8 1 ok
140 -120 -84.817621525 139.9 -118.8 1 ok
140 -110 -84.818898818 139.9 -109.5 1 ok
140 -100 -84.818972921 139.7 -100.5 1 ok
140 -90 -84.817586371 139.3 -91.7 1 ok
140 -80 -84.814647328 138.9 -82.7 1 ok
140 -70 -84.810616849 138.7 -72.4 1 ok
140 -60 -84.806847198 138.9 -62.5 1 ok
140 -50 -84.803104081 139.2 -52.3 1 ok
140 -40 -84.799854755 139.1 -42.1 1 ok
140 -30 -84.804854937 139.6 -30.5 1 ok
140 -20 -84.804137107 138.9 -20.7 1 ok
140 -10 -84.803400929 138.3 -10.7 1 ok
140 0 -84.802563086 137.4 -1.0 1 ok
140 10 -84.801322593 136.7 9.0 1 ok
140 20 -84.800319683 137.9 20.9 1 ok
140 30 -84.802620694 138.9 31.9 1 ok
140 40 -84.805520503 139.0 41.8 1 ok
140 50 -84.807748768 138.8 51.1 1 ok
140 60 -84.808995576 138.6 60.5 1 ok
140 70 -84.809269671 138.5 69.8 1 ok
140 80 -84.808840802 139.0 79.9 1 ok
140 90 -84.808331930 138.9 89.3 1 ok
140 100 -84.806971022 138.7 98.7 1 ok
140 110 -84.806852954 138.9 109.2 1 ok
140 120 -84.810541499 140.5 120.2 1 ok
140 130 -84.810400351 139.8 129.6 1 ok
140 140 -84.809742790 139.1 139.3 1 ok
140 150 -84.808817685 138.4 149.2 1 ok
140 160 -84.807831320 138.0 159.3 1 ok
140 170 -84.807050448 137.9 169.6 1 ok
140 -180 -84.806443267 137.8 179.5 0 ring
140 -170 -84.805599001 137.8 -170.7 0 ring
140 -160 -84.804530685 137.9 -160.6 0 ring
140 -150 -84.815440888 138.0 -149.9 1 ok
140 -140 -84.815857792 138.2 -139.8 1 ok
140 -130 -84.816581422 138.7 -129.4 1 ok
150 -120 -84.817890824 150.3 -118.7 1 ok
150 -110 -84.818904520 149.9 -109.8 1 ok
150 -100 -84.818499742 149.4 -100.9 1 ok
150 -90 -84.816494352 148.9 -92.2 1 ok
150 -80 -84.812877605 148.5 -83.0 1 ok
150 -70 -84.808434220 148.7 -72.9 1 ok
150 -60 -84.804058103 149.0 -62.7 1 ok
150 -50 -84.800155907 149.0 -52.5 1 ok
150 -40 -84.796465389 148.4 -42.8 1 ok
150 -30 -84.792309353 147.5 -33.4 1 ok
150 -20 -84.800515424 148.0 -21.3 1 ok
150 -10 -84.798696434 147.4 -11.3 1 ok
150 0 -84.797217485 147.3 -0.6 1 ok
150 10 -84.797230669 148.2 10.7 1 ok
150 20 -84.800056779 149.5 22.2 1 ok
150 30 -84.803572794 149.4 32.2 1 ok
150 40 -84.806505195 149.1 41.7 1 ok
150 50 -84.808494292 148.7 51.0 1 ok
150 60 -84.809536358 148.4 60.4 1 ok
150 70 -84.809788780 148.3 69.9 1 ok
150 80 -84.809522450 148.6 79.7 1 ok
150 90 -84.809301586 149.3 89.8 1 ok
150 100 -84.810639014 150.4 100.6 1 ok
150 110 -84.811147095 150.1 110.0 1 ok
150 120 -84.810658043 149.4 119.3 1 ok
150 130 -84.809354978 148.7 128.8 1 ok
150 140 -84.807639081 148.0 138.7 1 ok
150 150 -84.805850742 147.5 148.8 1 ok
150 160 -84.804243859 147.3 159.0 1 ok
150 170 -84.803015321 147.2 169.3 1 ok
150 -180 -84.801970157 147.2 179.3 0 ring
150 -170 -84.800908311 147.2 -170.6 0 ring
150 -160 -84.800038981 148.1 -159.8 0 ring
150 -150 -84.811605563 148.0 -149.4 1 ok
150 -140 -84.812809713 148.5 -139.2 1 ok
150 -130 -84.815593968 150.4 -127.9 1 ok
160 -120 -84.817822436 159.8 -119.1 1 ok
160 -110 -84.818317421 159.2 -110.3 1 ok
160 -100 -84.817268825 158.6 -101.5 1 ok
160 -90 -84.814573270 158.1 -92.6 1 ok
160 -80 -84.810574556 158.2 -82.9 1 ok
160 -70 -84.806426593 158.6 -72.7 1 ok
160 -60 -84.802459556 158.8 -62.6 1 ok
160 -50 -84.798599266 158.3 -53.0 1 ok
160 -40 -84.794166396 157.4 -43.7 1 ok
160 -30 -84.788929463 156.5 -34.4 1 ok
160 -20 -84.782787646 155.7 -25.0 1 ok
160 -10 -84.796254412 156.3 -12.4 1 ok
160 0 -84.792713207 156.0 -1.9 1 ok
160 10 -84.793395099 159.0 11.6 1 ok
160 20 -84.796359342 158.9 21.9 1 ok
160 30 -84.799154027 158.3 31.6 1 ok
160 40 -84.801372039 157.9 41.1 1 ok
160 50 -84.802854485 157.5 50.6 1 ok
160 60 -84.803809024 158.3 61.0 1 ok
160 70 -84.804863852 158.3 70.4 1 ok
160 80 -84.805038681 158.3 79.8 1 ok
160 90 -84.805934951 159.6 90.7 1 ok
160 100 -84.806686301 159.7 100.2 1 ok
160 110 -84.806276860 159.1 109.2 1 ok
160 120 -84.804666605 158.3 118.4 1 ok
160 130 -84.802214809 157.6 128.1 1 ok
160 140 -84.799545095 157.2 138.2 1 ok
160 150 -84.797138477 157.0 148.6 1 ok
160 160 -84.795319288 157.0 159.0 1 ok
160 170 -84.793864405 156.9 169.1 1 ok
160 -180 -84.792478521 156.9 179.2 0 ring
160 -170 -84.791379412 157.4 -170.3 0 ring
160 -160 -84.802149182 157.7 -159.6 0 ring
160 -150 -84.803206968 158.5 -148.9 1 ok
160 -140 -84.807133256 160.3 -137.5 1 ok
160 -130 -84.809973920 160.0 -128.4 1 ok
170 -120 -84.816725911 168.7 -119.6 1 ok
170 -110 -84.816588082 168.2 -110.8 1 ok
170 -100 -84.814857455 167.7 -102.0 1 ok
170 -90 -84.811548973 167.9 -92.3 1 ok
170 -80 -84.808069972 168.1 -82.5 1 ok
170 -70 -84.804385522 168.4 -72.5 1 ok
170 -60 -84.800599569 168.1 -63.0 1 ok
170 -50 -84.796122592 167.3 -53.8 1 ok
170 -40 -84.790717572 166.5 -44.5 1 ok
170 -30 -84.784426939 165.6 -35.3 0 drift -4/-5
170 -20 -84.777199317 164.8 -25.9 0 drift -5/-6
170 -10 -84.770541251 164.1 -16.5 0 drift -6/-6
170 0 -84.761850365 163.0 -7.0 0 drift -7/-7
170 10 -84.791768570 168.9 11.6 1 ok
170 20 -84.794242987 168.1 21.3 1 ok
170 30 -84.796307121 167.5 31.0 1 ok
170 40 -84.797890289 167.0 40.7 1 ok
170 50 -84.799425130 168.1 51.4 1 ok
170 60 -84.801135043 167.9 60.8 1 ok
170 70 -84.802093015 168.1 70.5 1 ok
170 80 -84.802990920 169.0 80.7 1 ok
170 90 -84.805282761 169.2 90.7 1 ok
170 100 -84.805622598 168.6 99.5 1 ok
170 110 -84.804432309 167.9 108.4 1 ok
170 120 -84.801861219 167.2 117.6 1 ok
170 130 -84.798460875 166.7 127.7 1 ok
170 140 -84.795139657 166.8 138.2 1 ok
170 150 -84.792636025 167.0 148.7 1 ok
170 160 -84.790787977 166.9 158.8 1 ok
170 170 -84.789162363 166.9 169.0 0 ring
170 -180 -84.787868430 167.1 179.6 0 ring
170 -170 -84.798111905 167.3 -169.8 0 ring
170 -160 -84.799064371 168.4 -158.8 0 ring
170 -150 -84.803353707 170.0 -147.0 1 ok
170 -140 -84.807020168 169.7 -137.8 1 ok
170 -130 -84.809428937 169.3 -128.8 1 ok
-180 -120 -84.814198131 177.7 -120.2 1 ok
-180 -110 -84.813380479 177.1 -111.3 1 ok
-180 -100 -84.810936354 177.4 -101.6 1 ok
-180 -90 -84.808333215 177.8 -91.9 1 ok
-180 -80 -84.805385964 178.1 -82.2 1 ok
-180 -70 -84.802028401 177.8 -72.8 1 ok
-180 -60 -84.797811687 177.2 -63.7 1 ok
-180 -50 -84.792501628 176.4 -54.5 1 ok
-180 -40 -84.786165376 175.6 -45.4 0 drift -4/-5
-180 -30 -84.778804778 174.7 -36.2 0 drift -5/-6
-180 -20 -84.770484982 173.8 -26.8 0 drift -6/-7
-180 -10 -84.761270466 172.9 -17.4 0 drift -7/-7
-180 0 -84.787860826 178.8 1.0 1 ok
-180 10 -84.789607885 178.0 10.9 1 ok
-180 20 -84.791095620 177.2 20.6 1 ok
-180 30 -84.792276140 176.9 30.7 1 ok
-180 40 -84.794226452 177.9 41.5 1 ok
-180 50 -84.796264824 177.5 51.1 1 ok
-180 60 -84.797853696 177.9 61.2 1 ok
-180 70 -84.799898986 179.0 71.5 1 ok
-180 80 -84.801614481 178.9 80.8 1 ok
-180 90 -84.803628309 178.3 90.1 1 ok
-180 100 -84.803182446 177.4 98.8 1 ok
-180 110 -84.801096010 176.6 107.6 1 ok
-180 120 -84.797566484 176.2 117.2 1 ok
-180 130 -84.794653034 177.0 127.9 1 ok
-180 140 -84.791739658 176.8 138.0 1 ok
-180 150 -84.789027538 176.4 148.1 1 ok
-180 160 -84.793367257 177.4 159.0 1 ok
-180 170 -84.792036349 177.3 169.2 0 ring
-180 -180 -84.801481937 177.4 179.8 1 ok
-180 -170 -84.801670531 177.9 -169.5 1 ok
-180 -160 -84.804868070 179.7 -157.3 1 ok
-180 -150 -84.808612191 179.3 -147.7 1 ok
-180 -140 -84.811319386 178.8 -138.5 1 ok
-180 -130 -84.812773797 178.3 -129.5 1 ok
-170 -120 -84.806861979 -172.5 -120.2 1 ok
-170 -110 -84.806444069 -171.8 -110.1 1 ok
-170 -100 -84.806386255 -171.3 -100.0 1 ok
-170 -90 -84.806235060 -171.0 -90.3 1 ok
-170 -80 -84.805514187 -171.5 -81.1 1 ok
-170 -70 -84.803623861 -172.4 -72.2 1 ok
-170 -60 -84.800328524 -173.5 -63.5 1 ok
-170 -50 -84.795586478 -174.7 -54.7 1 ok
-170 -40 -84.789465609 -175.9 -45.8 0 drift -6/-6
-170 -30 -84.781943024 -177.0 -36.5 0 drift -7/-6
-170 -20 -84.797860427 -172.6 -21.8 0 ring
-170 -10 -84.795340819 -172.6 -11.5 0 ring
-170 0 -84.793794187 -172.2 -0.8 0 ring
-170 10 -84.797066024 -172.3 9.4 0 ring
-170 20 -84.796370641 -172.2 19.9 0 ring
-170 30 -84.796636367 -171.7 30.6 0 ring
-170 40 -84.798276238 -171.2 41.3 0 ring
-170 50 -84.800956457 -170.5 51.8 0 ring
-170 60 -84.803752160 -170.4 61.7 0 ring
-170 70 -84.806517362 -170.8 71.4 0 ring
-170 80 -84.807795043 -171.7 80.2 0 ring
-170 90 -84.807422876 -172.5 88.8 0 ring
-170 100 -84.805402794 -173.2 97.8 0 ring
-170 110 -84.808885104 -172.9 107.9 0 ring
-170 120 -84.805766163 -173.7 117.0 0 ring
-170 130 -84.801153350 -173.4 127.4 0 ring
-170 140 -84.797314076 -173.6 137.3 0 ring
-170 150 -84.793250775 -173.8 147.3 0 ring
-170 160 -84.794104981 -172.8 159.6 0 ring
-170 170 -84.794073928 -172.4 170.4 0 ring
-170 -180 -84.798666887 -170.8 -178.0 0 ring
-170 -170 -84.801460384 -171.0 -168.4 0 ring
-170 -160 -84.806472415 -170.3 -157.6 0 ring
-170 -150 -84.809113177 -171.0 -148.8 0 ring
-170 -140 -84.810245715 -171.6 -139.8 0 ring
-170 -130 -84.810188131 -171.8 -130.3 0 ring
-160 -120 -84.803363643 -161.8 -119.5 1 ok
-160 -110 -84.804090933 -161.3 -109.5 1 ok
-160 -100 -84.804662085 -161.1 -99.8 1 ok
-160 -90 -84.804521514 -161.6 -90.7 1 ok
-160 -80 -84.803116849 -162.6 -82.0 1 ok
-160 -70 -84.800194139 -163.7 -73.3 1 ok
-160 -60 -84.795683849 -164.9 -64.7 1 ok
-160 -50 -84.789699090 -166.1 -55.9 0 drift -6/-6
-160 -40 -84.782139824 -167.1 -46.8 0 drift -7/-7
-160 -30 -84.769177097 -165.5 -34.9 0 drift -5/-5
-160 -20 -84.782678059 -160.6 -19.7 0 ring
-160 -10 -84.783173169 -161.5 -10.0 0 ring
-160 0 -84.783531497 -162.0 0.0 1 ok
-160 10 -84.783931501 -162.6 10.0 1 ok
-160 20 -84.784380609 -163.2 20.0 1 ok
-160 30 -84.784740348 -163.5 30.1 1 ok
-160 40 -84.785247016 -162.2 41.3 1 ok
-160 50 -84.797808189 -159.5 52.9 1 ok
-160 60 -84.801124244 -160.4 61.8 1 ok
-160 70 -84.802948474 -161.4 70.6 1 ok
-160 80 -84.803082619 -162.3 79.2 1 ok
-160 90 -84.801404290 -163.0 88.0 1 ok
-160 100 -84.798050803 -161.1 100.1 1 ok
-160 110 -84.798225004 -161.4 109.7 1 ok
-160 120 -84.797535858 -162.1 118.9 1 ok
-160 130 -84.795787101 -162.9 128.0 1 ok
-160 140 -84.792895423 -163.7 137.2 1 ok
-160 150 -84.791874685 -163.1 148.5 1 ok
-160 160 -84.789962460 -163.3 158.8 0 ring
-160 170 -84.789577694 -161.0 171.3 1 ok
-160 -180 -84.792611971 -160.0 -177.8 1 ok
-160 -170 -84.796519889 -160.3 -167.6 1 ok
-160 -160 -84.800036008 -160.9 -157.9 1 ok
-160 -150 -84.802646395 -161.6 -148.6 1 ok
-160 -140 -84.804183870 -162.4 -139.5 1 ok
-160 -130 -84.804587527 -162.6 -130.0 1 ok
-150 -120 -84.801285973 -151.0 -119.1 1 ok
-150 -110 -84.802482379 -150.9 -109.4 1 ok
-150 -100 -84.802856170 -151.5 -100.3 1 ok
-150 -90 -84.801907220 -152.6 -91.7 1 ok
-150 -80 -84.799393349 -153.8 -83.1 1 ok
-150 -70 -84.795211287 -155.0 -74.6 0 drift -5/-5
-150 -60 -84.789407894 -156.2 -65.9 0 drift -6/-6
-150 -50 -84.781973621 -157.2 -56.9 0 drift -7/-7
-150 -40 -84.768168515 -154.9 -44.8 1 ok
-150 -30 -84.781863560 -150.8 -30.4 0 ring
-150 -20 -84.781376154 -151.5 -20.6 0 ring
-150 -10 -84.780869249 -152.0 -10.5 1 ok
-150 0 -84.780437656 -152.6 -0.6 1 ok
-150 10 -84.780035560 -153.2 9.4 1 ok
-150 20 -84.779632133 -153.1 19.8 1 ok
-150 30 -84.787498079 -149.6 32.7 1 ok
-150 40 -84.791457465 -150.0 42.5 1 ok
-150 50 -84.794531973 -150.9 51.7 1 ok
-150 60 -84.796358938 -152.0 60.5 1 ok
-150 70 -84.796727149 -153.1 69.3 1 ok
-150 80 -84.795501655 -154.1 78.0 1 ok
-150 90 -84.792479098 -154.6 87.2 1 ok
-150 100 -84.790276445 -149.7 101.3 1 ok
-150 110 -84.791502512 -150.5 110.4 1 ok
-150 120 -84.791797804 -151.2 119.6 1 ok
-150 130 -84.791065098 -151.9 129.0 1 ok
-150 140 -84.789514744 -152.6 138.6 1 ok
-150 150 -84.787601837 -152.9 148.7 0 ring
-150 160 -84.787356741 -150.4 161.3 1 ok
-150 170 -84.790406093 -149.7 172.1 1 ok
-150 -180 -84.793641543 -150.0 -177.9 1 ok
-150 -170 -84.796612721 -150.5 -168.2 1 ok
-150 -160 -84.799213160 -151.1 -158.6 1 ok
-150 -150 -84.800949854 -151.9 -149.3 1 ok
-150 -140 -84.801593656 -152.4 -139.9 1 ok
-150 -130 -84.801732091 -151.7 -129.6 1 ok
-140 -120 -84.800340754 -140.6 -119.2 1 ok
-140 -110 -84.801016549 -141.3 -110.1 1 ok
-140 -100 -84.800370747 -142.4 -101.4 1 ok
-140 -90 -84.798168957 -143.7 -92.9 1 ok
-140 -80 -84.794283096 -145.0 -84.4 1 ok
-140 -70 -84.788636508 -146.1 -75.7 0 drift -6/-6
-140 -60 -84.780866025 -146.9 -66.7 0 drift -7/-7
-140 -50 -84.801112924 -141.2 -51.5 0 ring
-140 -40 -84.798568208 -141.7 -42.1 0 ring
-140 -30 -84.795421366 -141.8 -32.2 0 ring
-140 -20 -84.792200465 -141.7 -22.0 0 ring
-140 -10 -84.789533042 -141.3 -11.6 0 ring
-140 0 -84.787481548 -141.5 -1.5 0 ring
-140 10 -84.789445719 -139.1 11.8 0 ring
-140 20 -84.791544185 -140.1 21.1 0 ring
-140 30 -84.792804661 -141.1 30.3 0 ring
-140 40 -84.793054381 -142.0 39.6 0 ring
-140 50 -84.792314001 -142.7 49.0 0 ring
-140 60 -84.801031749 -141.5 61.1 0 ring
-140 70 -84.802096606 -142.3 70.1 0 ring
-140 80 -84.801786501 -143.0 79.1 0 ring
-140 90 -84.800068511 -143.2 88.3 0 ring
-140 100 -84.797466397 -143.6 97.4 0 ring
-140 110 -84.793299166 -142.6 107.8 0 ring
-140 120 -84.790522527 -142.0 118.2 0 ring
-140 130 -84.787871764 -142.5 127.9 0 ring
-140 140 -84.784985295 -142.7 138.3 0 ring
-140 150 -84.787899545 -140.3 151.2 0 ring
-140 160 -84.789806289 -141.0 161.0 0 ring
-140 170 -84.793505806 -139.9 172.7 0 ring
-140 -180 -84.796901278 -141.0 -178.2 0 ring
-140 -170 -84.798867349 -142.0 -169.2 0 ring
-140 -160 -84.799817453 -141.8 -159.2 0 ring
-140 -150 -84.801558505 -140.5 -148.5 0 ring
-140 -140 -84.803483946 -140.4 -138.9 0 ring
-140 -130 -84.804759374 -140.5 -129.5 0 ring
-130 -120 -84.799203587 -131.2 -120.0 1 ok
-130 -110 -84.798765893 -132.3 -111.2 1 ok
-130 -100 -84.796799011 -133.5 -102.7 1 ok
-130 -90 -84.793141242 -134.7 -94.2 1 ok
-130 -80 -84.787548880 -135.8 -85.5 0 drift -6/-5
-130 -70 -84.779559895 -136.2 -76.2 0 drift -6/-6
-130 -60 -84.796262849 -130.7 -61.0 0 ring
-130 -50 -84.799236373 -131.3 -52.0 0 ring
-130 -40 -84.796244818 -131.7 -42.4 0 ring
-130 -30 -84.792909804 -131.0 -31.8 0 ring
-130 -20 -84.790200599 -131.0 -21.6 0 ring
-130 -10 -84.787801233 -131.2 -11.7 0 ring
-130 0 -84.788592350 -128.7 1.5 0 ring
-130 10 -84.790280893 -129.6 10.9 0 ring
-130 20 -84.791112038 -130.7 20.1 0 ring
-130 30 -84.790994960 -131.7 29.4 0 ring
-130 40 -84.789931135 -132.4 38.9 0 ring
-130 50 -84.797206400 -131.2 51.2 0 ring
-130 60 -84.798418656 -132.0 60.2 0 ring
-130 70 -84.798397097 -132.5 69.5 0 ring
-130 80 -84.797487122 -132.5 78.9 0 ring
-130 90 -84.795681845 -133.2 87.8 0 ring
-130 100 -84.792502263 -131.2 98.7 0 ring
-130 110 -84.790433903 -131.6 108.2 0 ring
-130 120 -84.787644408 -132.3 117.6 0 ring
-130 130 -84.784085230 -132.6 127.8 0 ring
-130 140 -84.786016435 -130.1 140.8 0 ring
-130 150 -84.787104558 -130.9 150.5 0 ring
-130 160 -84.788616352 -130.9 161.1 0 ring
-130 170 -84.792920105 -130.8 171.6 0 ring
-130 -180 -84.794732147 -131.8 -179.2 0 ring
-130 -170 -84.795963548 -131.2 -168.8 0 ring
-130 -160 -84.798633845 -130.0 -158.1 0 ring
-130 -150 -84.801309346 -130.0 -148.5 0 ring
-130 -140 -84.803206953 -130.2 -139.1 0 ring
-130 -130 -84.803860940 -130.7 -130.0 0 ring
-120 -120 -84.798119064 -118.9 -119.0 1 ok
-120 -110 -84.798430212 -119.9 -110.4 1 ok
-120 -100 -84.797180052 -120.5 -101.5 1 ok
-120 -90 -84.794543859 -121.0 -92.4 1 ok
-120 -80 -84.790871615 -120.7 -82.5 1 ok
-120 -70 -84.787099429 -120.5 -72.4 1 ok
-120 -60 -84.783452176 -121.0 -62.7 1 ok
-120 -50 -84.779528973 -121.9 -53.1 1 ok
-120 -40 -84.775430295 -122.9 -43.3 1 ok
-120 -30 -84.774585534 -119.9 -30.2 1 ok
-120 -20 -84.774307999 -120.3 -20.3 1 ok
-120 -10 -84.773967916 -120.6 -10.3 0 ring
-120 0 -84.774955953 -119.4 1.4 1 ok
-120 10 -84.777574489 -119.5 11.7 1 ok
-120 20 -84.780017865 -120.0 21.5 1 ok
-120 30 -84.781806365 -120.7 30.9 1 ok
-120 40 -84.784407137 -121.3 40.5 1 ok
-120 50 -84.784900614 -121.6 50.0 1 ok
-120 60 -84.785209751 -120.9 60.3 1 ok
-120 70 -84.796416860 -117.5 72.3 1 ok
-120 80 -84.798519916 -118.5 81.1 1 ok
-120 90 -84.798936356 -119.7 89.7 1 ok
-120 100 -84.797706384 -121.0 98.2 1 ok
-120 110 -84.794876005 -122.2 106.9 1 ok
-120 120 -84.790358292 -122.9 116.2 1 ok
-120 130 -84.784658049 -121.9 127.3 1 ok
-120 140 -84.784396267 -118.7 141.1 1 ok
-120 150 -84.785747928 -119.4 150.8 1 ok
-120 160 -84.786816080 -120.1 160.6 1 ok
-120 170 -84.787814628 -120.2 170.7 0 ring
-120 -180 -84.789454921 -119.9 -179.1 0 ring
-120 -170 -84.790462675 -120.2 -169.4 0 ring
-120 -160 -84.792184697 -119.4 -158.6 0 ring
-120 -150 -84.794558075 -119.3 -148.5 1 ok
-120 -140 -84.796729660 -119.6 -138.8 1 ok
-120 -130 -84.798162465 -120.2 -129.5 1 ok
-110 -120 -84.799673935 -108.8 -119.8 1 ok
-110 -110 -84.798901659 -109.8 -111.1 1 ok
-110 -100 -84.796860307 -110.1 -101.9 1 ok
-110 -90 -84.793868237 -110.0 -92.2 1 ok
-110 -80 -84.790365555 -110.3 -82.6 1 ok
-110 -70 -84.786343534 -110.9 -73.1 1 ok
-110 -60 -84.781703937 -111.8 -63.5 1 ok
-110 -50 -84.776549319 -112.7 -54.0 1 ok
-110 -40 -84.775413731 -109.4 -40.3 1 ok
-110 -30 -84.774804395 -109.9 -30.5 0 ring
-110 -20 -84.774027221 -110.3 -20.6 0 ring
-110 -10 -84.774150668 -109.3 -9.1 1 ok
-110 0 -84.776030372 -109.4 1.3 1 ok
-110 10 -84.778026992 -109.8 11.3 0 ring
-110 20 -84.779743084 -110.0 21.0 0 ring
-110 30 -84.781901702 -110.8 30.6 1 ok
-110 40 -84.782591795 -111.1 40.3 1 ok
-110 50 -84.792377412 -108.1 51.7 1 ok
-110 60 -84.796831246 -107.3 62.5 1 ok
-110 70 -84.799096160 -108.4 71.3 1 ok
-110 80 -84.799799663 -109.5 79.9 1 ok
-110 90 -84.798786313 -110.8 88.5 1 ok
-110 100 -84.796165420 -112.0 97.1 1 ok
-110 110 -84.791757142 -112.5 106.4 1 ok
-110 120 -84.786239130 -111.5 117.2 1 ok
-110 130 -84.782798071 -109.7 129.1 1 ok
-110 140 -84.781861604 -110.0 139.4 1 ok
-110 150 -84.781240696 -110.4 149.7 1 ok
-110 160 -84.788173771 -109.7 160.8 0 ring
-110 170 -84.790056798 -109.3 171.1 0 ring
-110 -180 -84.791029763 -109.8 -179.6 0 ring
-110 -170 -84.792219526 -109.3 -168.9 0 ring
-110 -160 -84.794219228 -109.2 -158.7 1 ok
-110 -150 -84.796063435 -109.5 -149.0 1 ok
-110 -140 -84.797351998 -110.2 -139.7 1 ok
-110 -130 -84.797352493 -111.1 -130.8 1 ok
-100 -120 -84.801219143 -98.8 -120.5 1 ok
-100 -110 -84.799793301 -99.4 -111.4 1 ok
-100 -100 -84.797374479 -99.6 -102.0 1 ok
-100 -90 -84.794102934 -100.1 -92.7 1 ok
-100 -80 -84.789914316 -100.9 -83.3 1 ok
-100 -70 -84.784838036 -101.7 -73.9 1 ok
-100 -60 -84.779067795 -102.5 -64.4 1 ok
-100 -50 -84.777130796 -99.1 -50.4 1 ok
-100 -40 -84.776202533 -99.6 -40.7 0 ring
-100 -30 -84.775026839 -100.0 -30.9 0 ring
-100 -20 -84.773689637 -100.1 -20.7 0 ring
-100 -10 -84.775164694 -99.5 -9.2 0 ring
-100 0 -84.776729177 -99.6 1.1 0 ring
-100 10 -84.778553257 -99.3 11.2 0 ring
-100 20 -84.788680349 -99.0 21.2 0 ring
-100 30 -84.789913957 -99.1 30.8 0 ring
-100 40 -84.792766073 -97.9 42.0 1 ok
-100 50 -84.797116064 -97.3 52.6 1 ok
-100 60 -84.799702175 -98.2 61.5 1 ok
-100 70 -84.800612201 -99.4 70.1 1 ok
-100 80 -84.799877307 -100.7 78.7 1 ok
-100 90 -84.797519632 -101.7 87.3 1 ok
-100 100 -84.793367530 -101.9 96.8 1 ok
-100 110 -84.788463556 -101.0 107.3 1 ok
-100 120 -84.785116807 -99.5 118.7 1 ok
-100 130 -84.783366349 -100.0 128.8 1 ok
-100 140 -84.786426524 -99.9 139.7 1 ok
-100 150 -84.786284951 -99.9 150.1 0 ring
-100 160 -84.788426795 -98.8 161.2 0 ring
-100 170 -84.789565648 -99.5 170.4 0 ring
-100 -180 -84.790206935 -99.5 -179.1 0 ring
-100 -170 -84.792141983 -99.4 -168.7 0 ring
-100 -160 -84.794070097 -99.7 -158.8 0 ring
-100 -150 -84.795508699 -100.1 -149.3 0 ring
-100 -140 -84.796120285 -100.7 -140.0 0 ring
-100 -130 -84.795574376 -101.4 -131.0 0 ring
-90 -120 -84.802932590 -88.8 -120.9 1 ok
-90 -110 -84.801045700 -89.3 -111.7 1 ok
-90 -100 -84.798036757 -90.0 -102.6 1 ok
-90 -90 -84.793866181 -90.8 -93.5 1 ok
-90 -80 -84.788576046 -91.5 -84.1 1 ok
-90 -70 -84.782450211 -92.3 -74.7 1 ok
-90 -60 -84.775448859 -92.7 -64.9 1 ok
-90 -50 -84.778272982 -89.3 -50.8 0 ring
-90 -40 -84.776765926 -89.8 -41.1 0 ring
-90 -30 -84.775078732 -89.9 -31.0 0 ring
-90 -20 -84.774069513 -89.1 -20.2 0 ring
-90 -10 -84.783595600 -88.3 -8.3 0 ring
-90 0 -84.786518871 -88.2 1.8 0 ring
-90 10 -84.788640340 -88.8 11.1 0 ring
-90 20 -84.790137336 -89.0 20.8 0 ring
-90 30 -84.792761233 -88.1 31.9 0 ring
-90 40 -84.797034560 -87.5 42.7 1 ok
-90 50 -84.799946800 -88.3 51.7 1 ok
-90 60 -84.801189595 -89.4 60.4 1 ok
-90 70 -84.800806991 -90.5 69.0 1 ok
-90 80 -84.798792436 -91.4 77.7 1 ok
-90 90 -84.795281128 -91.6 87.0 1 ok
-90 100 -84.791136361 -90.3 97.7 1 ok
-90 110 -84.788260186 -89.2 108.5 1 ok
-90 120 -84.785835478 -90.1 118.2 1 ok
-90 130 -84.787334931 -90.0 129.2 0 ring
-90 140 -84.786371882 -90.2 139.5 0 ring
-90 150 -84.788465167 -88.6 151.3 0 ring
-90 160 -84.789809149 -89.2 160.6 0 ring
-90 170 -84.789964364 -89.9 169.7 0 ring
-90 -180 -84.790879649 -89.7 -179.0 0 ring
-90 -170 -84.792602958 -89.9 -168.9 0 ring
-90 -160 -84.794039221 -90.3 -159.2 0 ring
-90 -150 -84.794786862 -90.7 -149.8 0 ring
-90 -140 -84.794582844 -91.2 -140.6 0 ring
-90 -130 -84.793244955 -91.5 -131.5 0 ring
-80 -120 -84.804452359 -79.2 -121.4 1 ok
-80 -110 -84.801861245 -80.0 -112.5 1 ok
-80 -100 -84.797900511 -80.9 -103.5 1 ok
-80 -90 -84.792591451 -81.5 -94.2 1 ok
-80 -80 -84.786346334 -82.0 -84.7 1 ok
-80 -70 -84.779265791 -82.4 -75.1 0 drift -2/-5
-80 -60 -84.780838845 -79.4 -61.2 0 ring
-80 -50 -84.779034111 -79.7 -51.3 0 ring
-80 -40 -84.777251981 -79.3 -40.9 0 ring
-80 -30 -84.781037091 -76.3 -28.7 0 ring
-80 -20 -84.782536527 -76.9 -18.9 0 ring
-80 -10 -84.783724488 -77.7 -9.2 0 ring
-80 0 -84.784969248 -78.1 0.8 0 ring
-80 10 -84.789063978 -78.2 11.8 0 ring
-80 20 -84.791551902 -78.5 21.6 0 ring
-80 30 -84.793470422 -78.9 31.1 0 ring
-80 40 -84.794639415 -79.4 40.4 0 ring
-80 50 -84.798941581 -79.8 50.4 0 ring
-80 60 -84.798846253 -80.3 59.4 0 ring
-80 70 -84.798537669 -80.2 69.2 0 ring
-80 80 -84.797041955 -80.2 78.5 0 ring
-80 90 -84.794911511 -80.0 88.3 0 ring
-80 100 -84.793462510 -78.8 98.9 0 ring
-80 110 -84.791809695 -78.9 109.0 0 ring
-80 120 -84.790510496 -78.9 119.3 0 ring
-80 130 -84.789656286 -78.8 129.6 0 ring
-80 140 -84.789348395 -78.8 140.0 0 ring
-80 150 -84.789903672 -78.8 150.5 0 ring
-80 160 -84.794238763 -77.1 162.7 0 ring
-80 170 -84.797327064 -77.7 172.0 0 ring
-80 -180 -84.799436241 -78.4 -178.8 0 ring
-80 -170 -84.800389485 -79.1 -169.6 0 ring
-80 -160 -84.800197607 -79.8 -160.6 0 ring
-80 -150 -84.798986791 -80.4 -151.3 0 ring
-80 -140 -84.797010257 -80.5 -141.4 0 ring
-80 -130 -84.802966593 -79.6 -130.9 0 ring
-70 -120 -84.805152878 -70.1 -122.1 1 ok
-70 -110 -84.801640254 -70.9 -113.3 1 ok
-70 -100 -84.796554588 -71.5 -104.1 1 ok
-70 -90 -84.790390968 -71.8 -94.6 1 ok
-70 -80 -84.785526151 -68.8 -81.1 0 ring
-70 -70 -84.783692637 -69.2 -71.3 0 ring
-70 -60 -84.781591033 -69.6 -61.5 0 ring
-70 -50 -84.780533874 -67.7 -49.9 0 ring
-70 -40 -84.784331550 -66.7 -39.0 0 ring
-70 -30 -84.785236010 -67.4 -29.4 0 ring
-70 -20 -84.785748504 -68.2 -19.6 0 ring
-70 -10 -84.786274204 -68.6 -9.6 0 ring
-70 0 -84.787521139 -68.5 1.0 0 ring
-70 10 -84.791079394 -68.9 11.4 0 ring
-70 20 -84.793136761 -69.2 21.2 0 ring
-70 30 -84.794559365 -69.7 30.7 0 ring
-70 40 -84.798269795 -69.9 40.8 0 ring
-70 50 -84.798734446 -70.6 49.9 0 ring
-70 60 -84.798284981 -70.6 59.4 0 ring
-70 70 -84.798291422 -70.1 69.4 0 ring
-70 80 -84.797119573 -70.0 78.8 0 ring
-70 90 -84.796786327 -68.7 89.2 0 ring
-70 100 -84.795221395 -69.1 98.7 0 ring
-70 110 -84.793652573 -69.0 109.0 0 ring
-70 120 -84.792368809 -68.9 119.2 0 ring
-70 130 -84.791342043 -69.0 129.5 0 ring
-70 140 -84.790988535 -69.1 139.9 0 ring
-70 150 -84.794137359 -67.6 152.5 0 ring
-70 160 -84.797158364 -68.2 162.0 0 ring
-70 170 -84.799402616 -68.9 171.3 0 ring
-70 -180 -84.800634871 -69.6 -179.5 0 ring
-70 -170 -84.800759705 -70.3 -170.3 0 ring
-70 -160 -84.799743423 -70.8 -161.1 0 ring
-70 -150 -84.797805432 -71.1 -151.5 0 ring
-70 -140 -84.803973844 -70.2 -140.2 0 ring
-70 -130 -84.803378471 -69.9 -130.8 0 ring
-60 -120 -84.804669103 -61.1 -122.9 1 ok
-60 -110 -84.800074536 -61.5 -113.8 1 ok
-60 -100 -84.794215633 -61.6 -104.2 1 ok
-60 -90 -84.789143030 -58.9 -91.4 0 ring
-60 -80 -84.787017118 -59.2 -81.6 0 ring
-60 -70 -84.784413154 -59.7 -71.9 0 ring
-60 -60 -84.786279105 -56.6 -58.9 0 ring
-60 -50 -84.787392676 -57.2 -49.3 0 ring
-60 -40 -84.787858762 -58.0 -39.8 0 ring
-60 -30 -84.787764231 -58.7 -30.1 0 ring
-60 -20 -84.787593219 -59.1 -20.1 0 ring
-60 -10 -84.788051705 -59.1 -9.6 0 ring
-60 0 -84.790294980 -59.3 1.2 0 ring
-60 10 -84.792089565 -59.7 11.2 0 ring
-60 20 -84.793626513 -60.1 20.8 0 ring
-60 30 -84.794694871 -60.4 30.3 0 ring
-60 40 -84.797619070 -61.0 40.1 0 ring
-60 50 -84.797670433 -60.8 50.1 0 ring
-60 60 -84.797652365 -60.5 59.6 0 ring
-60 70 -84.798284532 -59.8 69.9 0 ring
-60 80 -84.799537119 -58.7 79.8 0 ring
-60 90 -84.798502673 -59.2 88.8 0 ring
-60 100 -84.797024551 -59.0 99.0 0 ring
-60 110 -84.795478927 -59.0 108.9 0 ring
-60 120 -84.793759333 -59.4 118.8 0 ring
-60 130 -84.792440972 -59.6 129.2 0 ring
-60 140 -84.792617452 -58.9 140.9 0 ring
-60 150 -84.796387713 -58.7 151.8 0 ring
-60 160 -84.798498844 -59.5 161.3 0 ring
-60 170 -84.799851768 -60.2 170.6 0 ring
-60 -180 -84.800266220 -60.9 179.9 0 ring
-60 -170 -84.799630905 -61.4 -170.9 0 ring
-60 -160 -84.797915913 -61.7 -161.5 0 ring
-60 -150 -84.796628648 -60.0 -149.5 0 ring
-60 -140 -84.803692911 -60.2 -139.8 0 ring
-60 -130 -84.803433796 -60.2 -130.6 0 ring
-50 -120 -84.795639112 -50.6 -122.1 1 ok
-50 -110 -84.792132093 -50.6 -112.6 1 ok
-50 -100 -84.788372186 -50.0 -102.2 0 ring
-50 -90 -84.785195185 -49.8 -92.0 0 ring
-50 -80 -84.781976151 -49.8 -82.0 0 ring
-50 -70 -84.785594597 -48.7 -70.4 0 ring
-50 -60 -84.790125617 -47.6 -59.3 0 ring
-50 -50 -84.790660321 -48.3 -49.7 0 ring
-50 -40 -84.790765032 -48.8 -40.0 0 ring
-50 -30 -84.790502461 -49.6 -30.2 0 ring
-50 -20 -84.793094807 -51.0 -20.3 0 ring
-50 -10 -84.792488581 -51.8 -10.8 0 ring
-50 0 -84.791782713 -50.9 0.1 0 ring
-50 10 -84.792096711 -51.1 10.1 0 ring
-50 20 -84.792362716 -51.0 20.1 0 ring
-50 30 -84.801419912 -50.8 30.3 0 ring
-50 40 -84.801626950 -50.7 39.9 0 ring
-50 50 -84.801087801 -50.5 49.3 0 ring
-50 60 -84.805519665 -49.0 60.0 0 ring
-50 70 -84.804440907 -49.9 68.4 0 ring
-50 80 -84.801302306 -50.6 76.9 0 ring
-50 90 -84.797897367 -49.7 88.1 0 ring
-50 100 -84.796556420 -49.2 98.6 0 ring
-50 110 -84.794323949 -49.7 108.5 0 ring
-50 120 -84.792210441 -50.0 118.7 0 ring
-50 130 -84.790959741 -49.9 129.5 0 ring
-50 140 -84.792460448 -49.2 141.4 0 ring
-50 150 -84.794368813 -49.9 151.1 0 ring
-50 160 -84.795797278 -50.7 160.7 0 ring
-50 170 -84.796524252 -51.4 170.1 0 ring
-50 -180 -84.796432468 -51.9 179.5 0 ring
-50 -170 -84.795498620 -51.9 -170.7 0 ring
-50 -160 -84.795524868 -50.0 -159.1 0 ring
-50 -150 -84.797269080 -49.5 -149.0 0 ring
-50 -140 -84.798564833 -49.5 -139.5 0 ring
-50 -130 -84.801546800 -50.4 -130.5 0 ring
-40 -120 -84.794604708 -40.8 -122.2 0 ring
-40 -110 -84.791244459 -40.3 -112.0 0 ring
-40 -100 -84.788347683 -40.0 -101.9 0 ring
-40 -90 -84.785307588 -40.2 -92.2 0 ring
-40 -80 -84.787649458 -39.2 -80.4 0 ring
-40 -70 -84.792099992 -38.1 -69.3 0 ring
-40 -60 -84.792655068 -38.6 -59.8 0 ring
-40 -50 -84.792537709 -39.3 -50.3 0 ring
-40 -40 -84.791662233 -40.1 -40.8 0 ring
-40 -30 -84.790280521 -40.9 -31.0 0 ring
-40 -20 -84.790931249 -42.1 -21.0 0 ring
-40 -10 -84.789967055 -41.3 -9.9 0 ring
-40 0 -84.790163656 -41.5 0.0 0 ring
-40 10 -84.790361622 -41.4 10.1 0 ring
-40 20 -84.799304095 -40.9 20.7 0 ring
-40 30 -84.800226005 -40.9 30.4 0 ring
-40 40 -84.800623425 -40.7 40.0 0 ring
-40 50 -84.800341872 -40.6 49.5 0 ring
-40 60 -84.806163988 -40.1 59.2 0 ring
-40 70 -84.804119281 -40.9 67.6 0 ring
-40 80 -84.800772984 -40.1 78.2 0 ring
-40 90 -84.799518314 -39.5 88.7 0 ring
-40 100 -84.797270413 -39.9 98.2 0 ring
-40 110 -84.794489559 -40.4 108.1 0 ring
-40 120 -84.792058989 -40.4 118.7 0 ring
-40 130 -84.791582155 -39.6 130.6 0 ring
-40 140 -84.792737585 -40.2 140.7 0 ring
-40 150 -84.793661400 -41.0 150.3 0 ring
-40 160 -84.794142110 -41.7 160.0 0 ring
-40 170 -84.794020583 -42.2 169.6 0 ring
-40 -180 -84.793365626 -42.0 179.6 0 ring
-40 -170 -84.793628813 -40.5 -169.2 0 ring
-40 -160 -84.795923268 -39.7 -158.5 0 ring
-40 -150 -84.798025573 -39.6 -148.9 0 ring
-40 -140 -84.799055444 -39.9 -139.8 0 ring
-40 -130 -84.798617240 -40.5 -131.0 0 ring
-30 -120 -84.793391997 -30.6 -121.8 0 ring
-30 -110 -84.790806004 -30.3 -111.7 0 ring
-30 -100 -84.788137417 -30.5 -102.1 0 ring
-30 -90 -84.789021731 -29.7 -90.4 0 ring
-30 -80 -84.793369254 -28.5 -79.4 0 ring
-30 -70 -84.794092611 -29.0 -69.7 0 ring
-30 -60 -84.793944377 -29.7 -60.4 0 ring
-30 -50 -84.792822814 -30.6 -51.2 0 ring
-30 -40 -84.790840930 -31.4 -41.7 0 ring
-30 -30 -84.788407857 -32.0 -31.6 0 ring
-30 -20 -84.787754460 -31.4 -20.1 0 ring
-30 -10 -84.787839458 -31.6 -10.0 0 ring
-30 0 -84.787910531 -31.7 -0.0 0 ring
-30 10 -84.796668901 -30.8 11.0 0 ring
-30 20 -84.798067912 -30.8 20.8 0 ring
-30 30 -84.799150114 -30.8 30.5 0 ring
-30 40 -84.799646433 -30.8 40.1 0 ring
-30 50 -84.799254596 -31.0 49.3 0 ring
-30 60 -84.798129606 -30.3 59.3 0 ring
-30 70 -84.802848900 -29.0 69.6 0 ring
-30 80 -84.801688687 -29.2 78.6 0 ring
-30 90 -84.799327263 -29.7 87.8 0 ring
-30 100 -84.795788899 -30.3 97.5 0 ring
-30 110 -84.795878232 -30.6 109.3 0 ring
-30 120 -84.795031650 -31.2 119.5 0 ring
-30 130 -84.794365466 -31.8 129.4 0 ring
-30 140 -84.793456465 -32.2 139.3 0 ring
-30 150 -84.792405362 -32.2 149.4 0 ring
-30 160 -84.791942680 -31.5 160.4 0 ring
-30 170 -84.792876192 -31.4 170.7 0 ring
-30 -180 -84.794374939 -31.1 -179.0 0 ring
-30 -170 -84.796609976 -30.5 -168.4 0 ring
-30 -160 -84.800325046 -29.8 -158.1 0 ring
-30 -150 -84.802010918 -30.4 -149.5 0 ring
-30 -140 -84.801831555 -31.1 -141.1 0 ring
-30 -130 -84.799607840 -31.7 -132.8 0 ring
-20 -120 -84.792599262 -20.5 -121.5 0 ring
-20 -110 -84.790313330 -20.5 -111.8 0 ring
-20 -100 -84.787185303 -20.9 -102.4 0 ring
-20 -90 -84.790605025 -19.2 -89.7 0 ring
-20 -80 -84.791109420 -19.5 -79.8 0 ring
-20 -70 -84.790936661 -20.1 -70.5 0 ring
-20 -60 -84.789705126 -20.9 -61.3 0 ring
-20 -50 -84.787443008 -21.8 -52.1 0 ring
-20 -40 -84.784336092 -22.5 -42.4 0 ring
-20 -30 -84.785858955 -21.6 -30.7 0 ring
-20 -20 -84.785457113 -21.6 -20.2 0 ring
-20 -10 -84.785296472 -21.9 -10.2 0 ring
-20 0 -84.789332833 -20.1 1.5 0 ring
-20 10 -84.791790991 -19.7 11.6 0 ring
-20 20 -84.794913821 -19.0 22.3 0 ring
-20 30 -84.798353194 -19.2 32.1 0 ring
-20 40 -84.801097184 -19.4 41.5 0 ring
-20 50 -84.803039098 -19.4 51.0 0 ring
-20 60 -84.804060625 -19.3 60.4 0 ring
-20 70 -84.803960485 -19.5 69.4 0 ring
-20 80 -84.802415437 -20.1 78.1 0 ring
-20 90 -84.799157265 -20.7 87.3 0 ring
-20 100 -84.794858765 -21.2 97.0 0 ring
-20 110 -84.794457717 -21.1 109.0 0 ring
-20 120 -84.793053955 -21.8 118.9 0 ring
-20 130 -84.791583291 -22.0 129.0 0 ring
-20 140 -84.790198409 -22.2 139.2 0 ring
-20 150 -84.789170875 -21.6 150.1 0 ring
-20 160 -84.789747079 -21.3 160.6 0 ring
-20 170 -84.791155287 -21.0 171.1 0 ring
-20 -180 -84.793372723 -20.4 -178.4 0 ring
-20 -170 -84.796455070 -19.8 -168.0 0 ring
-20 -160 -84.800054559 -20.4 -158.8 0 ring
-20 -150 -84.801013106 -21.0 -150.1 0 ring
-20 -140 -84.800069433 -21.6 -141.7 0 ring
-20 -130 -84.796948861 -21.6 -132.9 0 ring
-10 -120 -84.792259878 -10.1 -121.6 0 ring
-10 -110 -84.789460599 -10.9 -112.5 0 ring
-10 -100 -84.794211535 -8.3 -100.6 0 ring
-10 -90 -84.793546717 -8.4 -90.4 0 ring
-10 -80 -84.792637763 -9.0 -80.9 0 ring
-10 -70 -84.790826831 -9.8 -71.6 0 ring
-10 -60 -84.788008096 -10.7 -62.4 0 ring
-10 -50 -84.788374537 -10.7 -52.2 0 ring
-10 -40 -84.785072827 -10.8 -42.0 0 ring
-10 -30 -84.791761010 -9.4 -29.8 0 ring
-10 -20 -84.792175032 -9.7 -19.8 0 ring
-10 -10 -84.793608407 -8.9 -9.0 0 ring
-10 0 -84.796430641 -8.3 1.8 0 ring
-10 10 -84.800751072 -8.0 12.7 0 ring
-10 20 -84.803687686 -9.0 21.8 0 ring
-10 30 -84.805279179 -10.0 30.6 0 ring
-10 40 -84.805380745 -11.0 39.4 0 ring
-10 50 -84.804029004 -10.7 49.2 0 ring
-10 60 -84.803198149 -9.8 59.6 0 ring
-10 70 -84.802529213 -9.7 69.2 0 ring
-10 80 -84.800733342 -10.2 78.2 0 ring
-10 90 -84.798150035 -10.0 88.2 0 ring
-10 100 -84.795358335 -10.4 98.0 0 ring
-10 110 -84.792287824 -11.1 107.8 0 ring
-10 120 -84.788961112 -11.6 117.7 0 ring
-10 130 -84.790281813 -9.7 129.7 0 ring
-10 140 -84.789934702 -10.0 139.9 0 ring
-10 150 -84.789988963 -9.9 150.2 0 ring
-10 160 -84.790618622 -9.9 160.5 0 ring
-10 170 -84.791744362 -9.9 170.7 0 ring
-10 -180 -84.793359473 -9.8 -178.9 0 ring
-10 -170 -84.795244589 -9.8 -169.0 0 ring
-10 -160 -84.800616379 -9.4 -159.8 0 ring
-10 -150 -84.799966929 -9.9 -151.1 0 ring
-10 -140 -84.803634884 -11.0 -142.7 0 ring
-10 -130 -84.801109936 -9.0 -130.9 0 ring
0 -120 -84.792541104 0.2 -122.3 1 ok
0 -110 -84.788769719 0.0 -112.8 0 ring
0 -100 -84.791883405 0.6 -99.7 0 ring
0 -90 -84.791930554 0.0 -90.3 0 ring
0 -80 -84.790976666 -0.8 -81.2 0 ring
0 -70 -84.788740976 -1.7 -72.3 0 ring
0 -60 -84.785172992 -2.4 -62.9 0 ring
0 -50 -84.780591269 -2.4 -52.8 0 ring
0 -40 -84.782177417 -1.1 -40.9 0 ring
0 -30 -84.781310741 -1.0 -30.3 0 ring
0 -20 -84.785676431 0.5 -18.7 0 ring
0 -10 -84.787983277 0.6 -8.4 0 ring
0 0 -84.790708372 0.8 1.9 0 ring
0 10 -84.794097264 0.9 12.3 0 ring
0 20 -84.797362420 0.6 22.0 0 ring
0 30 -84.800325980 0.4 31.8 0 ring
0 40 -84.802767984 0.4 41.4 0 ring
0 50 -84.804391455 0.1 50.8 0 ring
0 60 -84.804643419 -0.5 59.5 0 ring
0 70 -84.803191316 -1.3 68.0 0 ring
0 80 -84.799825352 -1.9 76.9 0 ring
0 90 -84.795045303 -2.2 86.5 0 ring
0 100 -84.789777794 -2.4 96.4 0 ring
0 110 -84.790569891 -1.6 108.1 0 ring
0 120 -84.787976354 -1.7 118.5 0 ring
0 130 -84.785961301 -1.1 129.3 0 ring
0 140 -84.785585751 -0.5 140.1 0 ring
0 150 -84.786494081 -0.1 150.8 0 ring
0 160 -84.788855557 0.8 161.7 0 ring
0 170 -84.791678198 0.8 171.8 0 ring
0 -180 -84.794367666 0.5 -178.4 0 ring
0 -170 -84.796584556 0.1 -168.8 0 ring
0 -160 -84.797859256 -0.4 -159.7 0 ring
0 -150 -84.797588125 -0.9 -150.9 0 ring
0 -140 -84.796612848 -0.8 -141.3 0 ring
0 -130 -84.794591349 -0.5 -131.4 0 ring
10 -120 -84.793629673 10.9 -122.5 1 ok
10 -110 -84.789627786 10.6 -112.9 0 ring
10 -100 -84.785255693 10.7 -102.4 0 ring
10 -90 -84.791667099 9.4 -91.0 0 ring
10 -80 -84.789705132 8.7 -82.1 0 ring
10 -70 -84.786323728 8.1 -72.9 0 ring
10 -60 -84.781706334 7.9 -63.1 0 ring
10 -50 -84.782096331 9.2 -51.6 0 ring
10 -40 -84.780739605 9.6 -40.7 0 ring
10 -30 -84.785032112 10.9 -29.0 0 ring
10 -20 -84.786991656 11.0 -18.7 0 ring
10 -10 -84.789334516 11.0 -8.4 0 ring
10 0 -84.792287615 11.1 2.0 0 ring
10 10 -84.795374576 10.8 12.0 0 ring
10 20 -84.798324951 10.5 21.8 0 ring
10 30 -84.801000836 10.3 31.6 0 ring
10 40 -84.803088074 10.0 41.1 0 ring
10 50 -84.804037553 9.4 50.1 0 ring
10 60 -84.803386211 8.6 58.6 0 ring
10 70 -84.800944182 7.8 67.4 0 ring
10 80 -84.796732921 7.5 76.7 0 ring
10 90 -84.791618718 7.4 86.3 0 ring
10 100 -84.788007558 8.7 97.5 0 ring
10 110 -84.788418074 8.8 108.1 0 ring
10 120 -84.785983097 9.4 119.0 0 ring
10 130 -84.785276556 10.0 129.8 0 ring
10 140 -84.785787738 10.5 140.6 0 ring
10 150 -84.787991013 11.3 151.6 0 ring
10 160 -84.790436695 11.1 161.6 0 ring
10 170 -84.792818223 10.8 171.5 0 ring
10 -180 -84.794910253 10.4 -178.8 0 ring
10 -170 -84.796502135 10.0 -169.3 0 ring
10 -160 -84.797005918 9.4 -160.2 0 ring
10 -150 -84.796004490 8.8 -151.3 0 ring
10 -140 -84.795399382 9.3 -141.1 0 ring
10 -130 -84.793720077 9.4 -131.2 0 ring
20 -120 -84.795175175 20.9 -122.8 1 ok
20 -110 -84.790760558 20.9 -112.9 0 ring
20 -100 -84.793089404 20.9 -100.8 0 ring
20 -90 -84.791203639 20.1 -91.8 0 ring
20 -80 -84.788338189 19.5 -82.4 0 ring
20 -70 -84.785467247 20.5 -71.5 0 ring
20 -60 -84.783002710 19.7 -62.1 0 ring
20 -50 -84.786894337 20.9 -50.7 0 ring
20 -40 -84.785992874 20.7 -40.6 0 ring
20 -30 -84.785660609 21.1 -30.0 0 ring
20 -20 -84.786319607 21.5 -19.5 0 ring
20 -10 -84.787209093 21.4 -9.4 0 ring
20 0 -84.788236922 21.2 0.7 0 ring
20 10 -84.789307282 20.9 10.6 0 ring
20 20 -84.790340599 20.7 20.6 0 ring
20 30 -84.799815006 19.8 31.2 0 ring
20 40 -84.801100878 19.2 40.4 0 ring
20 50 -84.801032379 18.4 49.2 0 ring
20 60 -84.799326931 17.6 57.9 0 ring
20 70 -84.795856330 17.2 67.0 0 ring
20 80 -84.791125050 17.3 76.6 0 ring
20 90 -84.785910692 17.3 86.3 0 ring
20 100 -84.788226056 19.2 98.1 0 ring
20 110 -84.785842428 20.1 108.9 0 ring
20 120 -84.784717000 20.4 119.5 0 ring
20 130 -84.784914138 21.2 130.5 0 ring
20 140 -84.786763534 21.6 141.3 0 ring
20 150 -84.788804172 21.4 151.4 0 ring
20 160 -84.790733243 21.0 161.3 0 ring
20 170 -84.792478098 20.6 171.1 0 ring
20 -180 -84.793971999 20.3 -179.2 0 ring
20 -170 -84.794779305 19.7 -169.9 0 ring
20 -160 -84.794332559 19.0 -161.0 0 ring
20 -150 -84.792439117 18.4 -151.9 0 ring
20 -140 -84.792616672 19.1 -141.1 0 ring
20 -130 -84.791057459 19.3 -131.0 0 ring
30 -120 -84.800988558 31.9 -121.7 1 ok
30 -110 -84.798354985 32.2 -111.8 0 ring
30 -100 -84.800444386 34.0 -99.2 0 ring
30 -90 -84.801543698 33.7 -89.4 0 ring
30 -80 -84.801845969 33.1 -79.8 0 ring
30 -70 -84.801468399 32.6 -70.3 1 ok
30 -60 -84.800450579 32.0 -60.7 1 ok
30 -50 -84.799284803 32.0 -50.6 1 ok
30 -40 -84.799015129 32.5 -40.0 1 ok
30 -30 -84.799731805 32.9 -29.4 1 ok
30 -20 -84.800822373 32.6 -19.2 1 ok
30 -10 -84.801465734 31.8 -9.7 1 ok
30 0 -84.801179849 30.6 -0.5 1 ok
30 10 -84.799795285 29.6 8.6 1 ok
30 20 -84.798722495 30.2 19.1 1 ok
30 30 -84.797822860 31.0 29.7 1 ok
30 40 -84.798491637 32.2 40.6 1 ok
30 50 -84.799915408 32.4 50.5 1 ok
30 60 -84.800065792 32.3 59.7 1 ok
30 70 -84.799022432 32.0 68.9 1 ok
30 80 -84.797038206 31.9 78.4 1 ok
30 90 -84.794520955 31.8 88.2 1 ok
30 100 -84.792015324 31.8 98.4 1 ok
30 110 -84.795445488 32.6 109.4 0 ring
30 120 -84.794902129 32.5 119.9 0 ring
30 130 -84.794931175 32.2 130.2 0 ring
30 140 -84.795137486 31.7 140.1 0 ring
30 150 -84.795593799 31.6 150.4 0 ring
30 160 -84.805989608 31.8 161.0 1 ok
30 170 -84.807058538 31.5 170.5 1 ok
30 -180 -84.807363778 31.2 179.9 1 ok
30 -170 -84.806927426 31.0 -170.6 1 ok
30 -160 -84.807128338 31.7 -160.3 1 ok
30 -150 -84.806363681 31.6 -150.8 1 ok
30 -140 -84.804565274 31.3 -141.7 1 ok
30 -130 -84.801579702 31.0 -132.5 1 ok
40 -120 -84.804454554 43.8 -119.8 1 ok
40 -110 -84.805068519 44.1 -109.5 1 ok
40 -100 -84.805955880 43.7 -99.5 1 ok
40 -90 -84.806441525 43.3 -89.7 1 ok
40 -80 -84.806027503 42.6 -80.4 1 ok
40 -70 -84.804955404 42.2 -70.8 1 ok
40 -60 -84.803698499 42.2 -60.7 1 ok
40 -50 -84.803156444 42.6 -50.2 1 ok
40 -40 -84.803324731 42.8 -39.8 1 ok
40 -30 -84.803791076 42.5 -29.7 1 ok
40 -20 -84.803852140 41.7 -20.0 1 ok
40 -10 -84.803098985 40.5 -10.8 1 ok
40 0 -84.801709663 40.4 -0.8 1 ok
40 10 -84.800396260 40.2 9.1 1 ok
40 20 -84.799614136 41.0 19.9 1 ok
40 30 -84.800670955 42.1 30.8 1 ok
40 40 -84.801914603 42.2 40.7 1 ok
40 50 -84.803383048 42.1 50.3 1 ok
40 60 -84.803214633 42.0 59.5 1 ok
40 70 -84.801951626 41.8 68.8 1 ok
40 80 -84.799880100 41.8 78.4 1 ok
40 90 -84.797439306 41.8 88.3 1 ok
40 100 -84.800710984 42.5 98.9 1 ok
40 110 -84.799299832 42.4 109.3 0 ring
40 120 -84.798417076 42.2 119.6 0 ring
40 130 -84.797778449 41.6 129.6 0 ring
40 140 -84.797468926 41.4 139.9 0 ring
40 150 -84.807376311 41.7 150.9 1 ok
40 160 -84.808550733 41.5 160.6 1 ok
40 170 -84.809118136 41.1 170.1 1 ok
40 -180 -84.809005494 40.7 179.6 1 ok
40 -170 -84.809546257 41.4 -169.9 1 ok
40 -160 -84.809438317 41.4 -160.3 1 ok
40 -150 -84.808463900 41.2 -151.1 1 ok
40 -140 -84.806326731 41.0 -141.9 1 ok
40 -130 -84.803126099 41.0 -132.5 1 ok
50 -120 -84.809748001 53.4 -119.6 1 ok
50 -110 -84.810319819 53.5 -109.7 1 ok
50 -100 -84.810696142 53.1 -99.9 1 ok
50 -90 -84.810508604 52.7 -90.2 1 ok
50 -80 -84.809476883 52.1 -80.8 1 ok
50 -70 -84.808246023 52.2 -70.7 1 ok
50 -60 -84.807439111 52.4 -60.4 1 ok
50 -50 -84.807107403 52.5 -50.1 1 ok
50 -40 -84.807003282 52.1 -40.1 1 ok
50 -30 -84.806500779 51.3 -30.5 1 ok
50 -20 -84.805254547 50.2 -21.2 1 ok
50 -10 -84.803581244 50.3 -11.0 1 ok
50 0 -84.802037507 49.9 -1.0 1 ok
50 10 -84.800965680 50.6 9.8 1 ok
50 20 -84.801991185 51.6 20.9 1 ok
50 30 -84.803559773 51.7 30.9 1 ok
50 40 -84.804630238 51.6 40.5 1 ok
50 50 -84.806127215 51.6 50.2 1 ok
50 60 -84.805792167 51.5 59.4 1 ok
50 70 -84.804508956 51.5 68.8 1 ok
50 80 -84.802579486 51.7 78.5 1 ok
50 90 -84.806045776 52.1 88.7 1 ok
50 100 -84.804170126 52.1 98.9 1 ok
50 110 -84.802485908 51.8 109.0 1 ok
50 120 -84.800990185 51.4 119.1 0 ring
50 130 -84.799782209 51.0 129.2 0 ring
50 140 -84.808722487 51.5 140.6 1 ok
50 150 -84.809672527 51.2 150.5 1 ok
50 160 -84.810223540 50.7 160.2 1 ok
50 170 -84.810270622 50.3 169.7 1 ok
50 -180 -84.809780609 50.2 179.6 1 ok
50 -170 -84.811207142 51.0 -169.8 1 ok
50 -160 -84.811089528 50.9 -160.4 1 ok
50 -150 -84.809942639 50.8 -151.2 1 ok
50 -140 -84.807698212 50.8 -141.9 1 ok
50 -130 -84.804672371 51.0 -132.3 1 ok
60 -120 -84.814152216 62.8 -119.6 1 ok
60 -110 -84.814534690 62.7 -109.9 1 ok
60 -100 -84.814429585 62.4 -100.2 1 ok
60 -90 -84.813585115 61.9 -90.7 1 ok
60 -80 -84.812336081 61.8 -80.8 1 ok
60 -70 -84.811385818 62.0 -70.6 1 ok
60 -60 -84.810670905 61.9 -60.4 1 ok
60 -50 -84.810116080 61.6 -50.4 1 ok
60 -40 -84.809158713 60.8 -40.8 1 ok
60 -30 -84.807454500 59.8 -31.5 1 ok
60 -20 -84.805406532 59.9 -21.2 1 ok
60 -10 -84.803519609 59.6 -11.3 1 ok
60 0 -84.801896115 59.9 -0.6 1 ok
60 10 -84.802575125 61.0 10.8 1 ok
60 20 -84.804128983 61.1 21.0 1 ok
60 30 -84.805568475 61.1 30.8 1 ok
60 40 -84.806471989 61.0 40.4 1 ok
60 50 -84.808045726 61.0 50.1 1 ok
60 60 -84.807717188 61.1 59.4 1 ok
60 70 -84.806651874 61.4 69.1 1 ok
60 80 -84.810685429 61.5 78.8 1 ok
60 90 -84.808807200 61.6 88.7 1 ok
60 100 -84.806730221 61.3 98.6 1 ok
60 110 -84.804564205 60.9 108.5 1 ok
60 120 -84.802507469 60.5 118.6 0 ring
60 130 -84.801720441 61.5 130.4 1 ok
60 140 -84.810461274 60.7 140.2 1 ok
60 150 -84.810757989 60.3 150.1 1 ok
60 160 -84.810689999 59.8 159.7 1 ok
60 170 -84.810217069 59.5 169.5 1 ok
60 -180 -84.811555196 60.5 -179.4 1 ok
60 -170 -84.812153175 60.4 -169.8 1 ok
60 -160 -84.811973120 60.4 -160.5 1 ok
60 -150 -84.810782409 60.4 -151.2 1 ok
60 -140 -84.808684423 60.5 -141.7 1 ok
60 -130 -84.806070163 60.8 -131.9 1 ok
70 -120 -84.817415567 72.0 -119.6 1 ok
70 -110 -84.817526737 71.8 -110.1 1 ok
70 -100 -84.816929236 71.5 -100.6 1 ok
70 -90 -84.815675953 71.2 -90.9 1 ok
70 -80 -84.814610139 71.3 -80.7 1 ok
70 -70 -84.813639410 71.2 -70.6 1 ok
70 -60 -84.812736755 71.0 -60.6 1 ok
70 -50 -84.811507144 70.2 -51.1 1 ok
70 -40 -84.809475493 69.3 -41.8 1 ok
70 -30 -84.807075464 69.4 -31.5 1 ok
70 -20 -84.804771800 69.1 -21.6 1 ok
70 -10 -84.802528758 69.3 -11.0 1 ok
70 0 -84.802438523 70.3 0.5 1 ok
70 10 -84.803743579 70.5 11.0 1 ok
70 20 -84.805334163 70.5 21.0 1 ok
70 30 -84.806711843 70.5 30.8 1 ok
70 40 -84.807537638 70.5 40.3 1 ok
70 50 -84.809121127 70.4 50.0 1 ok
70 60 -84.809059770 70.7 59.7 1 ok
70 70 -84.812064016 70.9 69.4 1 ok
70 80 -84.811003675 71.1 79.1 1 ok
70 90 -84.809598742 71.2 88.9 1 ok
70 100 -84.807921609 71.2 98.9 1 ok
70 110 -84.806414102 71.1 109.2 1 ok
70 120 -84.805573863 70.9 119.7 1 ok
70 130 -84.805477031 70.5 130.1 1 ok
70 140 -84.805783539 70.1 140.2 1 ok
70 150 -84.806308744 69.9 150.4 1 ok
70 160 -84.807092211 70.0 160.6 1 ok
70 170 -84.808087192 70.0 170.6 1 ok
70 -180 -84.808949866 70.0 -179.6 1 ok
70 -170 -84.809317658 69.9 -170.0 1 ok
70 -160 -84.808889016 69.9 -160.6 1 ok
70 -150 -84.807567872 69.9 -151.2 1 ok
70 -140 -84.805476235 70.1 -141.6 1 ok
70 -130 -84.802918204 70.4 -131.7 1 ok
80 -120 -84.819422917 81.1 -119.7 1 ok
80 -110 -84.819216973 80.8 -110.4 1 ok
80 -100 -84.818139192 80.5 -101.0 1 ok
80 -90 -84.816978222 80.6 -90.8 1 ok
80 -80 -84.815828140 80.5 -80.8 1 ok
80 -70 -84.814613652 80.2 -70.8 1 ok
80 -60 -84.813209244 79.6 -61.3 1 ok
80 -50 -84.811039122 78.7 -52.0 1 ok
80 -40 -84.808470438 79.0 -41.7 1 ok
80 -30 -84.805843801 78.6 -31.9 1 ok
80 -20 -84.802998076 78.7 -21.5 1 ok
80 -10 -84.801846780 79.8 -9.7 1 ok
80 0 -84.802684238 79.9 0.7 1 ok
80 10 -84.804154393 80.0 11.0 1 ok
80 20 -84.805773522 80.0 21.0 1 ok
80 30 -84.807152515 80.1 30.8 1 ok
80 40 -84.808094680 80.2 40.5 1 ok
80 50 -84.808588156 80.5 50.1 1 ok
80 60 -84.813049777 80.2 60.2 1 ok
80 70 -84.812985645 80.3 69.7 1 ok
80 80 -84.812269400 80.5 79.2 1 ok
80 90 -84.810870389 80.5 88.9 1 ok
80 100 -84.809050981 80.4 98.8 1 ok
80 110 -84.807328982 80.2 109.0 1 ok
80 120 -84.806137755 80.0 119.5 1 ok
80 130 -84.805572272 79.7 129.7 1 ok
80 140 -84.805536237 79.6 140.1 1 ok
80 150 -84.806044644 79.8 150.5 1 ok
80 160 -84.806993587 79.9 160.7 1 ok
80 170 -84.808003773 79.9 170.5 1 ok
80 -180 -84.808756998 79.7 -179.8 1 ok
80 -170 -84.808957437 79.6 -170.2 1 ok
80 -160 -84.808412641 79.6 -160.6 1 ok
80 -150 -84.807112096 79.6 -151.1 1 ok
80 -140 -84.805239204 79.9 -141.3 1 ok
80 -130 -84.803392026 80.6 -131.0 1 ok
90 -120 -84.820185542 90.1 -120.1 1 ok
90 -110 -84.819603142 89.8 -110.8 1 ok
90 -100 -84.818976447 90.6 -100.5 1 ok
90 -90 -84.817983439 90.5 -90.8 1 ok
90 -80 -84.816631533 90.3 -81.1 1 ok
90 -70 -84.815069965 90.0 -71.2 1 ok
90 -60 -84.813308220 89.7 -61.5 1 ok
90 -50 -84.811148541 89.2 -51.8 1 ok
90 -40 -84.808466119 88.7 -42.0 1 ok
90 -30 -84.805530673 88.6 -31.8 1 ok
90 -20 -84.803433872 89.1 -20.6 1 ok
90 -10 -84.804320381 89.8 -9.3 1 ok
90 0 -84.805821122 89.8 1.1 1 ok
90 10 -84.807718036 89.8 11.3 1 ok
90 20 -84.809631838 89.8 21.2 1 ok
90 30 -84.811271058 89.7 31.0 1 ok
90 40 -84.812468189 89.7 40.6 1 ok
90 50 -84.813168941 89.8 50.3 1 ok
90 60 -84.813549984 90.3 60.3 1 ok
90 70 -84.814960318 90.6 70.7 1 ok
90 80 -84.815615203 90.4 80.1 1 ok
90 90 -84.815311347 90.0 89.4 1 ok
90 100 -84.814269193 89.6 99.0 1 ok
90 110 -84.812817088 89.2 108.8 1 ok
90 120 -84.811241035 88.9 118.8 1 ok
90 130 -84.809681868 88.7 128.9 1 ok
90 140 -84.808222417 88.6 139.1 1 ok
90 150 -84.807082662 88.8 149.5 1 ok
90 160 -84.809529794 90.0 160.8 1 ok
90 170 -84.810609305 89.8 170.5 1 ok
90 -180 -84.811308397 89.6 -179.9 1 ok
90 -170 -84.811453898 89.4 -170.3 1 ok
90 -160 -84.810975887 89.4 -160.7 1 ok
90 -150 -84.809971772 89.6 -150.8 1 ok
90 -140 -84.808967967 89.9 -140.5 1 ok
90 -130 -84.810603713 89.6 -129.6 1 ok
DONE
