100 -120 -84.859112093 99.9 -119.7 1 ok
100 -110 -84.859253743 99.8 -110.0 1 ok
100 -100 -84.858948342 99.7 -100.5 1 ok
100 -90 -84.857926842 99.2 -91.1 1 ok
100 -80 -84.856281141 98.7 -81.5 1 ok
100 -70 -84.853875102 98.0 -72.2 1 ok
100 -60 -84.850582286 97.2 -63.0 1 ok
100 -50 -84.849469540 98.5 -52.1 1 ok
100 -40 -84.846274146 98.5 -42.1 1 ok
100 -30 -84.843497212 99.1 -31.1 1 ok
100 -20 -84.844649332 100.0 -19.7 1 ok
100 -10 -84.845194431 99.9 -9.6 1 ok
100 0 -84.846028239 99.9 0.6 1 ok
100 10 -84.846957208 99.8 10.6 1 ok
100 20 -84.847694942 99.4 20.3 1 ok
100 30 -84.848478709 99.4 30.5 1 ok
100 40 -84.849389613 99.4 40.6 1 ok
100 50 -84.850324878 99.6 50.7 1 ok
100 60 -84.851504283 99.4 60.6 1 ok
100 70 -84.851923444 99.2 69.9 1 ok
100 80 -84.851497771 99.2 79.3 1 ok
100 90 -84.850801284 99.0 89.3 1 ok
100 100 -84.849611489 98.9 98.9 1 ok
100 110 -84.847995078 99.0 109.0 1 ok
100 120 -84.846479066 99.0 119.1 1 ok
100 130 -84.845258271 99.5 129.5 1 ok
100 140 -84.844709729 99.6 139.8 1 ok
100 150 -84.844567816 99.7 150.0 1 ok
100 160 -84.847088137 99.7 160.1 0 ring
100 170 -84.858792111 100.2 170.7 1 ok
100 -180 -84.859841293 100.1 -179.5 1 ok
100 -170 -84.860247684 99.9 -169.9 1 ok
100 -160 -84.860001005 99.7 -160.4 1 ok
100 -150 -84.859069310 99.4 -150.9 1 ok
100 -140 -84.857589012 99.4 -141.0 1 ok
100 -130 -84.856069101 99.3 -131.0 1 ok
110 -120 -84.858352998 109.1 -119.8 1 ok
110 -110 -84.858423364 109.1 -110.1 1 ok
110 -100 -84.857876888 108.8 -100.8 1 ok
110 -90 -84.856345399 108.4 -91.6 1 ok
110 -80 -84.853869835 107.9 -82.2 1 ok
110 -70 -84.850482296 107.7 -72.6 1 ok
110 -60 -84.846985821 110.4 -60.2 1 ok
110 -50 -84.847038823 110.4 -49.9 1 ok
110 -40 -84.846991052 110.1 -40.2 1 ok
110 -30 -84.846767583 110.0 -30.0 1 ok
110 -20 -84.844709389 110.2 -19.7 1 ok
110 -10 -84.845302399 110.1 -9.6 1 ok
110 0 -84.845903402 109.9 0.4 1 ok
110 10 -84.846385014 109.3 10.1 1 ok
110 20 -84.846598565 108.9 20.2 1 ok
110 30 -84.847218888 108.7 30.4 1 ok
110 40 -84.848018584 108.7 40.6 1 ok
110 50 -84.849176698 108.9 50.8 1 ok
110 60 -84.850297906 109.0 60.5 1 ok
110 70 -84.850674362 108.9 69.8 1 ok
110 80 -84.850074154 109.0 79.3 1 ok
110 90 -84.849141880 109.1 89.3 1 ok
110 100 -84.847944162 109.3 99.1 1 ok
110 110 -84.846625292 109.5 109.1 1 ok
110 120 -84.845428116 109.8 119.4 1 ok
110 130 -84.844850760 109.9 129.7 1 ok
110 140 -84.844443293 109.9 139.8 1 ok
110 150 -84.846604832 109.8 150.0 0 ring
110 160 -84.858157736 110.3 160.8 1 ok
110 170 -84.859216286 110.1 170.6 1 ok
110 -180 -84.859844669 109.8 -179.7 1 ok
110 -170 -84.859876375 109.5 -170.3 1 ok
110 -160 -84.859285836 109.2 -160.8 1 ok
110 -150 -84.858087331 109.0 -151.1 1 ok
110 -140 -84.856490189 108.8 -141.2 1 ok
110 -130 -84.854855952 108.8 -130.9 1 ok
120 -120 -84.856739420 118.6 -119.9 1 ok
120 -110 -84.856671492 118.5 -110.4 1 ok
120 -100 -84.855708190 118.4 -101.1 1 ok
120 -90 -84.853728610 118.3 -91.8 1 ok
120 -80 -84.850689256 118.5 -82.2 1 ok
120 -70 -84.847760716 120.2 -70.6 1 ok
120 -60 -84.847732370 120.7 -59.9 1 ok
120 -50 -84.847584950 120.3 -50.3 1 ok
120 -40 -84.847158377 120.2 -40.2 1 ok
120 -30 -84.847276924 120.5 -29.8 1 ok
120 -20 -84.845312433 120.4 -19.8 1 ok
120 -10 -84.845436287 119.9 -10.0 1 ok
120 0 -84.845363313 119.2 -0.3 1 ok
120 10 -84.844851524 118.3 9.3 1 ok
120 20 -84.844586290 118.2 20.0 1 ok
120 30 -84.844886584 118.1 30.4 1 ok
120 40 -84.845862386 118.4 40.9 1 ok
120 50 -84.847434274 119.1 51.2 1 ok
120 60 -84.848905254 119.1 60.6 1 ok
120 70 -84.849292916 119.1 69.7 1 ok
120 80 -84.848829007 119.4 79.5 1 ok
120 90 -84.848175988 119.6 89.5 1 ok
120 100 -84.847240652 119.6 99.1 1 ok
120 110 -84.846254582 119.9 109.3 1 ok
120 120 -84.845499405 120.2 119.6 1 ok
120 130 -84.844934294 120.1 129.6 1 ok
120 140 -84.850500637 120.4 140.4 1 ok
120 150 -84.850990044 120.1 150.2 1 ok
120 160 -84.853659859 119.6 160.0 1 ok
120 170 -84.853625645 119.2 169.8 1 ok
120 -180 -84.853400118 118.9 179.4 0 ring
120 -170 -84.852598452 118.7 -170.7 0 ring
120 -160 -84.851417836 118.6 -161.1 0 ring
120 -150 -84.850032570 118.5 -151.0 0 ring
120 -140 -84.849332021 119.0 -139.9 1 ok
120 -130 -84.850465469 119.9 -129.0 1 ok
130 -120 -84.854599357 128.5 -119.8 1 ok
130 -110 -84.854529472 128.9 -110.2 1 ok
130 -100 -84.853741070 129.2 -100.9 1 ok
130 -90 -84.851926292 129.5 -91.7 1 ok
130 -80 -84.849624243 130.6 -80.8 1 ok
130 -70 -84.849510430 131.2 -70.1 1 ok
130 -60 -84.849182264 130.8 -60.3 1 ok
130 -50 -84.848525177 130.5 -50.5 1 ok
130 -40 -84.848273777 130.7 -40.1 1 ok
130 -30 -84.848284942 130.4 -30.1 1 ok
130 -20 -84.845693697 129.7 -20.4 1 ok
130 -10 -84.844989212 128.9 -10.7 1 ok
130 0 -84.843919415 127.8 -1.1 1 ok
130 10 -84.842398018 126.8 8.7 1 ok
130 20 -84.842043420 127.0 19.6 1 ok
130 30 -84.842232392 127.6 30.7 1 ok
130 40 -84.844089938 128.6 41.7 1 ok
130 50 -84.846667768 129.1 51.6 1 ok
130 60 -84.848446516 129.1 60.8 1 ok
130 70 -84.849421713 129.2 70.2 1 ok
130 80 -84.849611418 129.7 79.9 1 ok
130 90 -84.849615918 130.2 90.0 1 ok
130 100 -84.849863733 130.6 100.2 1 ok
130 110 -84.850460248 130.9 110.3 1 ok
130 120 -84.850785513 130.8 120.2 1 ok
130 130 -84.850925105 130.5 130.0 1 ok
130 140 -84.850890396 130.0 139.9 1 ok
130 150 -84.850651785 129.4 149.7 1 ok
130 160 -84.852573024 128.9 159.6 1 ok
130 170 -84.852130080 128.5 169.5 1 ok
130 -180 -84.851431848 128.3 179.3 1 ok
130 -170 -84.850443661 128.2 -170.8 0 ring
130 -160 -84.849168424 128.0 -161.1 0 ring
130 -150 -84.847707726 128.1 -150.8 0 ring
130 -140 -84.848290097 129.6 -138.6 1 ok
130 -130 -84.855208159 128.5 -129.9 1 ok
140 -120 -84.853337035 140.4 -118.7 1 ok
140 -110 -84.854728733 140.3 -109.3 1 ok
140 -100 -84.855226555 140.1 -100.1 1 ok
140 -90 -84.854749641 139.8 -90.8 1 ok
140 -80 -84.853131817 139.6 -81.6 1 ok
140 -70 -84.850587295 139.8 -71.8 1 ok
140 -60 -84.848233589 140.3 -61.3 1 ok
140 -50 -84.846722677 140.6 -50.8 1 ok
140 -40 -84.850982304 140.6 -40.3 1 ok
140 -30 -84.850227429 139.8 -30.7 1 ok
140 -20 -84.846506412 138.7 -21.4 1 ok
140 -10 -84.844520242 137.5 -11.9 1 ok
140 0 -84.842051609 136.4 -2.0 1 ok
140 10 -84.841001715 136.7 9.2 1 ok
140 20 -84.840618595 137.5 20.6 1 ok
140 30 -84.845217033 138.8 31.9 0 ring
140 40 -84.848223319 138.9 41.8 0 ring
140 50 -84.848469347 138.7 51.5 1 ok
140 60 -84.850048448 138.7 60.8 1 ok
140 70 -84.850936334 138.8 70.4 1 ok
140 80 -84.851427356 139.0 80.2 1 ok
140 90 -84.852082476 139.8 90.4 1 ok
140 100 -84.853185612 140.5 100.6 1 ok
140 110 -84.854005931 140.6 110.3 1 ok
140 120 -84.854310076 140.4 120.0 1 ok
140 130 -84.854153093 139.7 129.7 1 ok
140 140 -84.853644242 139.1 139.6 1 ok
140 150 -84.853097001 138.6 149.6 1 ok
140 160 -84.855173217 138.2 159.7 1 ok
140 170 -84.855098270 138.2 170.0 1 ok
140 -180 -84.855021743 137.9 179.7 1 ok
140 -170 -84.854523634 137.5 -170.7 0 ring
140 -160 -84.853363713 137.4 -160.9 0 ring
140 -150 -84.851824230 137.5 -151.1 0 ring
140 -140 -84.850381461 137.7 -140.7 0 ring
140 -130 -84.851115884 139.6 -128.7 1 ok
150 -120 -84.854331154 150.9 -118.6 1 ok
150 -110 -84.855521805 150.4 -109.5 1 ok
150 -100 -84.855710343 150.1 -100.3 1 ok
150 -90 -84.854777110 150.0 -91.0 1 ok
150 -80 -84.852917087 149.9 -81.6 1 ok
150 -70 -84.850461964 150.3 -71.5 1 ok
150 -60 -84.848916011 150.7 -60.8 1 ok
150 -50 -84.847820193 150.6 -50.7 1 ok
150 -40 -84.851371416 149.7 -41.1 1 ok
150 -30 -84.849458235 148.5 -31.9 1 ok
150 -20 -84.844308099 147.2 -22.7 1 ok
150 -10 -84.840697746 146.0 -13.0 1 ok
150 0 -84.837700791 146.6 -1.4 1 ok
150 10 -84.838563955 148.1 10.6 0 ring
150 20 -84.840739577 149.1 21.8 0 ring
150 30 -84.843637001 148.9 31.9 0 ring
150 40 -84.844143333 148.7 41.7 1 ok
150 50 -84.846371029 148.2 51.1 1 ok
150 60 -84.847950026 148.3 60.8 1 ok
150 70 -84.849070970 148.4 70.6 1 ok
150 80 -84.850762851 150.1 81.4 1 ok
150 90 -84.852770714 150.5 91.1 1 ok
150 100 -84.854195262 150.5 100.6 1 ok
150 110 -84.854695605 150.2 110.0 1 ok
150 120 -84.854256041 149.5 119.3 1 ok
150 130 -84.853146808 148.7 129.0 1 ok
150 140 -84.851691514 148.1 139.0 1 ok
150 150 -84.850538573 147.8 149.4 1 ok
150 160 -84.852264367 147.8 159.7 1 ok
150 170 -84.852045382 147.6 169.8 1 ok
150 -180 -84.851628869 147.3 179.4 1 ok
150 -170 -84.850672049 147.1 -170.8 0 ring
150 -160 -84.849437320 147.1 -160.9 0 ring
150 -150 -84.848038253 147.3 -150.8 0 ring
150 -140 -84.848807173 150.3 -137.8 1 ok
150 -130 -84.852055589 150.8 -128.1 1 ok
160 -120 -84.855102617 160.5 -118.9 1 ok
160 -110 -84.856011636 160.0 -109.8 1 ok
160 -100 -84.855900894 159.8 -100.5 1 ok
160 -90 -84.854784469 159.8 -91.1 1 ok
160 -80 -84.852896726 160.2 -81.3 1 ok
160 -70 -84.851034856 160.5 -71.1 1 ok
160 -60 -84.849746096 160.5 -60.8 1 ok
160 -50 -84.852709149 159.6 -51.3 1 ok
160 -40 -84.850466840 158.3 -42.3 1 ok
160 -30 -84.847104247 157.0 -33.2 1 ok
160 -20 -84.840378490 155.7 -23.9 1 ok
160 -10 -84.837385695 155.0 -13.8 0 drift -5/-4
160 0 -84.847955129 157.8 -1.7 0 ring
160 10 -84.845585237 157.1 8.1 0 ring
160 20 -84.843358141 157.2 18.7 0 ring
160 30 -84.841825884 157.5 29.4 0 ring
160 40 -84.841553233 157.9 40.1 0 ring
160 50 -84.841916732 158.3 50.4 0 ring
160 60 -84.842826159 158.6 60.5 0 ring
160 70 -84.843273891 158.2 69.9 0 ring
160 80 -84.842609001 157.8 79.1 0 ring
160 90 -84.852281346 159.8 90.8 0 ring
160 100 -84.852994777 159.6 99.9 0 ring
160 110 -84.852319213 159.0 109.0 0 ring
160 120 -84.850642205 158.3 118.5 0 ring
160 130 -84.848639870 158.1 128.8 0 ring
160 140 -84.847109588 157.9 139.2 0 ring
160 150 -84.846147913 157.7 149.4 0 ring
160 160 -84.845239791 157.3 159.2 0 ring
160 170 -84.843994175 156.7 168.7 0 ring
160 -180 -84.849698273 158.1 -179.5 0 ring
160 -170 -84.850543008 158.0 -169.6 0 ring
160 -160 -84.851276412 158.1 -159.6 0 ring
160 -150 -84.851978853 158.4 -149.4 0 ring
160 -140 -84.853056709 158.9 -139.3 0 ring
160 -130 -84.854372285 159.2 -129.3 0 ring
170 -120 -84.855023361 169.7 -119.1 1 ok
170 -110 -84.855746828 169.5 -109.8 1 ok
170 -100 -84.855584345 169.6 -100.5 1 ok
170 -90 -84.854582999 169.9 -90.8 1 ok
170 -80 -84.853142876 170.2 -81.1 1 ok
170 -70 -84.851630269 170.3 -71.0 1 ok
170 -60 -84.853883253 169.3 -61.3 1 ok
170 -50 -84.851580933 168.1 -52.5 1 ok
170 -40 -84.847914257 166.9 -43.6 1 ok
170 -30 -84.843155396 165.5 -34.5 1 ok
170 -20 -84.836754239 164.7 -24.7 0 drift -5/-5
170 -10 -84.847413672 167.4 -12.1 0 ring
170 0 -84.844403636 166.9 -2.3 0 ring
170 10 -84.841445012 167.1 8.3 0 ring
170 20 -84.839251064 167.6 19.1 0 ring
170 30 -84.838400564 168.2 29.9 0 ring
170 40 -84.838856109 168.5 40.4 0 ring
170 50 -84.839748268 168.5 50.6 0 ring
170 60 -84.840433772 167.9 60.0 0 ring
170 70 -84.840232783 167.5 69.5 0 ring
170 80 -84.850693552 169.6 81.4 0 ring
170 90 -84.851988782 169.1 90.3 0 ring
170 100 -84.851913870 168.5 99.2 0 ring
170 110 -84.850463143 167.8 108.3 0 ring
170 120 -84.847976499 167.4 118.2 0 ring
170 130 -84.845488626 167.5 128.7 0 ring
170 140 -84.843854990 167.7 139.3 0 ring
170 150 -84.843436481 168.0 149.9 0 ring
170 160 -84.844914096 168.3 160.7 0 ring
170 170 -84.845964859 168.0 170.5 0 ring
170 -180 -84.846925422 167.8 -179.7 0 ring
170 -170 -84.847671212 167.7 -169.6 0 ring
170 -160 -84.848400912 168.1 -159.3 0 ring
170 -150 -84.849791753 168.8 -148.9 0 ring
170 -140 -84.851813876 169.3 -138.7 0 ring
170 -130 -84.854939377 170.1 -128.6 0 ring
-180 -120 -84.853954446 179.3 -119.0 1 ok
-180 -110 -84.854859328 179.3 -109.6 1 ok
-180 -100 -84.855015028 179.4 -100.4 1 ok
-180 -90 -84.854425326 179.8 -90.6 1 ok
-180 -80 -84.853264579 -180.0 -80.9 1 ok
-180 -70 -84.851616835 179.6 -71.5 1 ok
-180 -60 -84.850292557 178.6 -61.9 1 ok
-180 -50 -84.847302837 177.4 -53.1 1 ok
-180 -40 -84.842956295 176.3 -44.0 1 ok
-180 -30 -84.837265381 175.5 -34.3 1 ok
-180 -20 -84.846845177 177.2 -22.3 0 ring
-180 -10 -84.843486855 176.8 -12.6 0 ring
-180 0 -84.839883692 177.2 -1.9 0 ring
-180 10 -84.837304530 177.8 8.9 0 ring
-180 20 -84.836138665 178.5 19.7 0 ring
-180 30 -84.836199077 178.6 30.1 0 ring
-180 40 -84.836770934 178.4 40.3 0 ring
-180 50 -84.837193495 177.6 49.8 0 ring
-180 60 -84.836883446 177.2 59.7 0 ring
-180 70 -84.847488104 179.3 71.9 0 ring
-180 80 -84.849603880 178.8 80.9 0 ring
-180 90 -84.850271332 178.0 89.7 0 ring
-180 100 -84.849388353 177.3 98.5 0 ring
-180 110 -84.846988026 176.8 107.9 0 ring
-180 120 -84.844042265 176.8 118.1 0 ring
-180 130 -84.841689523 177.7 129.1 0 ring
-180 140 -84.840345732 177.6 139.0 0 ring
-180 150 -84.841449468 178.7 150.7 0 ring
-180 160 -84.842437290 178.4 160.5 0 ring
-180 170 -84.843169951 177.8 170.3 0 ring
-180 -180 -84.843703911 177.4 -179.8 0 ring
-180 -170 -84.844229074 177.8 -169.3 0 ring
-180 -160 -84.845924584 178.8 -158.6 0 ring
-180 -150 -84.848541949 179.2 -148.5 0 ring
-180 -140 -84.852551632 179.8 -138.2 0 ring
-180 -130 -84.854639608 179.5 -129.0 0 ring
-170 -120 -84.852740523 -170.4 -118.7 1 ok
-170 -110 -84.854044989 -170.7 -109.5 1 ok
-170 -100 -84.854511126 -170.3 -100.0 1 ok
-170 -90 -84.854189618 -170.3 -90.6 1 ok
-170 -80 -84.852938353 -170.7 -81.4 1 ok
-170 -70 -84.851087323 -171.4 -71.9 1 ok
-170 -60 -84.848142747 -172.5 -63.1 1 ok
-170 -50 -84.843842374 -173.8 -54.2 1 ok
-170 -40 -84.837950128 -174.7 -44.9 1 ok
-170 -30 -84.830503408 -174.7 -34.6 1 ok
-170 -20 -84.842455533 -173.0 -22.4 0 ring
-170 -10 -84.838819507 -172.8 -12.1 0 ring
-170 0 -84.835913327 -172.0 -1.3 0 ring
-170 10 -84.834418070 -171.3 9.6 0 ring
-170 20 -84.834120139 -171.4 19.9 0 ring
-170 30 -84.834112089 -171.8 29.9 0 ring
-170 40 -84.834026852 -172.6 39.4 0 ring
-170 50 -84.833235419 -173.1 49.3 0 ring
-170 60 -84.843311203 -170.7 62.3 0 ring
-170 70 -84.846021279 -171.4 71.3 0 ring
-170 80 -84.847335308 -172.3 80.1 0 ring
-170 90 -84.847040701 -172.9 89.0 0 ring
-170 100 -84.845244641 -173.6 97.9 0 ring
-170 110 -84.842125498 -173.3 108.2 0 ring
-170 120 -84.839552714 -172.2 119.1 0 ring
-170 130 -84.838225819 -172.2 129.0 0 ring
-170 140 -84.838754522 -171.0 140.4 0 ring
-170 150 -84.839397583 -171.4 150.3 0 ring
-170 160 -84.839733586 -172.1 159.9 0 ring
-170 170 -84.839800376 -172.6 169.9 0 ring
-170 -180 -84.839941908 -172.2 -179.4 0 ring
-170 -170 -84.841960149 -170.7 -168.1 0 ring
-170 -160 -84.845005153 -170.7 -158.2 0 ring
-170 -150 -84.847564288 -170.9 -148.7 0 ring
-170 -140 -84.852003368 -170.7 -138.6 0 ring
-170 -130 -84.853572297 -171.1 -129.3 0 ring
-160 -120 -84.852212158 -159.9 -118.6 1 ok
-160 -110 -84.853710343 -160.1 -109.3 1 ok
-160 -100 -84.854254584 -160.3 -100.1 1 ok
-160 -90 -84.853629764 -160.8 -91.0 1 ok
-160 -80 -84.851694240 -161.4 -81.9 1 ok
-160 -70 -84.848812194 -162.4 -73.0 1 ok
-160 -60 -84.844622753 -163.7 -64.2 1 ok
-160 -50 -84.838882973 -164.8 -55.2 0 drift -5/-5
-160 -40 -84.830780489 -164.7 -44.9 1 ok
-160 -30 -84.841546919 -162.7 -32.3 0 ring
-160 -20 -84.837971668 -162.4 -22.1 0 ring
-160 -10 -84.835010012 -161.7 -11.3 0 ring
-160 0 -84.833286830 -161.3 -0.8 0 ring
-160 10 -84.832467194 -161.4 9.5 0 ring
-160 20 -84.831823941 -162.0 19.4 0 ring
-160 30 -84.831164015 -162.7 29.1 0 ring
-160 40 -84.829798663 -163.2 38.9 0 ring
-160 50 -84.838709103 -160.7 52.3 0 ring
-160 60 -84.841681605 -161.5 61.6 0 ring
-160 70 -84.843459894 -162.2 70.6 0 ring
-160 80 -84.843802440 -163.1 79.3 0 ring
-160 90 -84.842459996 -163.7 88.4 0 ring
-160 100 -84.839605587 -162.9 98.6 0 ring
-160 110 -84.837616864 -161.9 109.3 0 ring
-160 120 -84.836522087 -161.8 119.1 0 ring
-160 130 -84.836637133 -161.6 129.1 0 ring
-160 140 -84.837068588 -161.4 139.9 0 ring
-160 150 -84.836958711 -162.0 149.6 0 ring
-160 160 -84.836379456 -162.5 159.5 0 ring
-160 170 -84.835933291 -162.0 170.3 0 ring
-160 -180 -84.838329167 -160.2 -177.9 0 ring
-160 -170 -84.841580320 -160.2 -168.0 0 ring
-160 -160 -84.844203272 -160.6 -158.6 0 ring
-160 -150 -84.848993851 -160.7 -148.5 0 ring
-160 -140 -84.850785951 -161.1 -139.1 0 ring
-160 -130 -84.852140759 -161.0 -129.3 0 ring
-150 -120 -84.852488369 -149.6 -118.6 1 ok
-150 -110 -84.853740648 -150.1 -109.6 1 ok
-150 -100 -84.853726429 -150.7 -100.6 1 ok
-150 -90 -84.852257914 -151.5 -91.7 1 ok
-150 -80 -84.849442250 -152.4 -82.9 1 ok
-150 -70 -84.845329179 -153.6 -74.1 1 ok
-150 -60 -84.839618485 -154.7 -65.2 0 drift -5/-5
-150 -50 -84.830990386 -154.1 -54.8 1 ok
-150 -40 -84.840945824 -152.3 -42.2 0 ring
-150 -30 -84.837573022 -152.1 -32.1 0 ring
-150 -20 -84.834680079 -151.4 -21.4 0 ring
-150 -10 -84.832758071 -151.2 -11.1 0 ring
-150 0 -84.831354976 -151.5 -0.9 0 ring
-150 10 -84.830027864 -151.9 9.1 0 ring
-150 20 -84.828777506 -152.7 18.7 0 ring
-150 30 -84.826873816 -153.2 28.5 0 ring
-150 40 -84.824997118 -152.1 40.0 0 ring
-150 50 -84.833089164 -150.9 51.7 0 ring
-150 60 -84.835521599 -150.9 61.4 0 ring
-150 70 -84.837804886 -150.7 71.0 0 ring
-150 80 -84.838839685 -151.0 80.1 0 ring
-150 90 -84.838569384 -151.4 89.4 0 ring
-150 100 -84.837510370 -151.4 99.1 0 ring
-150 110 -84.836032445 -151.7 108.7 0 ring
-150 120 -84.834226895 -151.9 118.6 0 ring
-150 130 -84.832280321 -152.4 128.3 0 ring
-150 140 -84.829861329 -152.9 138.3 0 ring
-150 150 -84.832955640 -151.0 150.4 0 ring
-150 160 -84.833256877 -152.2 159.6 0 ring
-150 170 -84.832840725 -152.9 169.4 0 ring
-150 -180 -84.832800443 -151.6 -178.8 0 ring
-150 -170 -84.840014270 -151.1 -168.4 0 ring
-150 -160 -84.841816829 -151.7 -159.2 0 ring
-150 -150 -84.842783171 -151.4 -149.2 0 ring
-150 -140 -84.844490129 -150.2 -138.7 0 ring
-150 -130 -84.846365122 -149.9 -129.0 0 ring
-140 -120 -84.852830993 -139.9 -119.1 1 ok
-140 -110 -84.853332711 -140.7 -110.3 1 ok
-140 -100 -84.852364286 -141.5 -101.5 1 ok
-140 -90 -84.849899381 -142.5 -92.7 1 ok
-140 -80 -84.846025971 -143.6 -84.0 1 ok
-140 -70 -84.840355967 -144.4 -75.1 0 drift -4/-5
-140 -60 -84.832051705 -143.9 -64.9 1 ok
-140 -50 -84.840715375 -141.8 -52.0 0 ring
-140 -40 -84.837718681 -141.6 -42.0 0 ring
-140 -30 -84.834943990 -141.0 -31.4 0 ring
-140 -20 -84.832849002 -141.1 -21.4 0 ring
-140 -10 -84.830910820 -141.4 -11.4 0 ring
-140 0 -84.828947992 -141.9 -1.3 0 ring
-140 10 -84.827067825 -142.7 8.3 0 ring
-140 20 -84.824546144 -142.8 18.4 0 ring
-140 30 -84.822301333 -141.8 29.5 0 ring
-140 40 -84.829484373 -140.2 41.8 0 ring
-140 50 -84.832597518 -139.8 51.9 0 ring
-140 60 -84.835747824 -139.9 61.4 0 ring
-140 70 -84.837138918 -140.7 70.4 0 ring
-140 80 -84.837267981 -141.0 79.8 0 ring
-140 90 -84.836668583 -141.2 89.3 0 ring
-140 100 -84.835424688 -141.5 98.8 0 ring
-140 110 -84.833645261 -141.8 108.5 0 ring
-140 120 -84.831380672 -142.3 118.1 0 ring
-140 130 -84.828517787 -142.5 128.1 0 ring
-140 140 -84.831241037 -141.0 139.9 0 ring
-140 150 -84.830999951 -142.2 149.1 0 ring
-140 160 -84.829816597 -142.9 158.9 0 ring
-140 170 -84.828980136 -140.9 171.1 0 ring
-140 -180 -84.836034675 -140.6 -178.3 0 ring
-140 -170 -84.838009941 -141.1 -168.9 0 ring
-140 -160 -84.839851716 -140.4 -158.6 0 ring
-140 -150 -84.842577510 -139.4 -148.2 0 ring
-140 -140 -84.845182424 -139.3 -138.5 0 ring
-140 -130 -84.846720605 -139.7 -129.3 0 ring
-130 -120 -84.852425542 -130.7 -119.9 1 ok
-130 -110 -84.851907806 -131.5 -111.1 1 ok
-130 -100 -84.849942991 -132.5 -102.5 1 ok
-130 -90 -84.846293017 -133.4 -93.7 1 ok
-130 -80 -84.840982001 -134.1 -84.8 1 ok
-130 -70 -84.832649325 -132.7 -74.1 1 ok
-130 -60 -84.840875989 -131.0 -61.6 0 ring
-130 -50 -84.838390873 -130.9 -51.7 0 ring
-130 -40 -84.835918048 -130.8 -41.6 0 ring
-130 -30 -84.833559393 -130.9 -31.6 0 ring
-130 -20 -84.831187436 -131.4 -21.7 0 ring
-130 -10 -84.828627426 -131.8 -11.8 0 ring
-130 0 -84.826058805 -132.3 -2.0 0 ring
-130 10 -84.823132179 -132.2 8.2 0 ring
-130 20 -84.820732257 -130.7 19.8 0 ring
-130 30 -84.827218409 -129.0 32.2 0 ring
-130 40 -84.830812845 -128.9 42.3 0 ring
-130 50 -84.833845083 -129.5 51.6 0 ring
-130 60 -84.835426207 -130.3 60.7 0 ring
-130 70 -84.835970454 -130.8 70.0 0 ring
-130 80 -84.835755044 -131.1 79.5 0 ring
-130 90 -84.834831711 -131.3 89.0 0 ring
-130 100 -84.833234992 -131.7 98.5 0 ring
-130 110 -84.830960519 -132.2 107.9 0 ring
-130 120 -84.828038662 -131.7 118.2 0 ring
-130 130 -84.830475874 -130.6 129.5 0 ring
-130 140 -84.829522836 -132.0 138.6 0 ring
-130 150 -84.827530032 -132.1 148.9 0 ring
-130 160 -84.829101705 -130.6 161.1 0 ring
-130 170 -84.830500616 -131.3 170.8 0 ring
-130 -180 -84.832222950 -130.6 -178.5 0 ring
-130 -170 -84.835665604 -129.4 -167.7 0 ring
-130 -160 -84.839427866 -129.1 -157.7 0 ring
-130 -150 -84.842572675 -129.2 -148.2 0 ring
-130 -140 -84.844507827 -129.8 -139.1 0 ring
-130 -130 -84.845167475 -130.6 -130.0 0 ring
-120 -120 -84.841448224 -120.3 -119.7 1 ok
-120 -110 -84.841175411 -121.0 -110.9 1 ok
-120 -100 -84.839375685 -121.6 -102.1 1 ok
-120 -90 -84.835987841 -122.2 -93.2 1 ok
-120 -80 -84.831014327 -120.7 -82.6 1 ok
-120 -70 -84.827695369 -120.0 -72.0 1 ok
-120 -60 -84.825306684 -120.1 -61.7 1 ok
-120 -50 -84.823619946 -120.7 -51.6 1 ok
-120 -40 -84.821580360 -121.4 -41.8 1 ok
-120 -30 -84.818920443 -121.9 -31.9 1 ok
-120 -20 -84.814076343 -121.3 -21.2 1 ok
-120 -10 -84.823692998 -118.8 -8.6 0 ring
-120 0 -84.823436603 -119.2 1.4 1 ok
-120 10 -84.825725936 -119.5 11.6 1 ok
-120 20 -84.828199975 -119.7 21.5 1 ok
-120 30 -84.832864648 -119.7 31.3 0 ring
-120 40 -84.834164036 -120.5 40.4 0 ring
-120 50 -84.834182838 -121.1 49.5 0 ring
-120 60 -84.831581728 -119.6 60.4 1 ok
-120 70 -84.834671471 -117.7 72.1 1 ok
-120 80 -84.836509317 -118.6 80.9 1 ok
-120 90 -84.836697451 -119.8 89.6 1 ok
-120 100 -84.835298914 -121.0 98.2 1 ok
-120 110 -84.832364451 -122.2 107.0 1 ok
-120 120 -84.827903219 -122.4 116.9 1 ok
-120 130 -84.824601881 -119.7 129.8 1 ok
-120 140 -84.825268009 -119.2 140.6 1 ok
-120 150 -84.826471790 -119.6 150.7 1 ok
-120 160 -84.829826970 -120.2 160.4 1 ok
-120 170 -84.830910221 -120.1 170.7 0 ring
-120 -180 -84.833245127 -119.4 -178.7 0 ring
-120 -170 -84.835086344 -119.5 -168.8 0 ring
-120 -160 -84.837775325 -119.0 -158.2 1 ok
-120 -150 -84.840471430 -119.1 -148.3 1 ok
-120 -140 -84.842704012 -119.4 -138.7 1 ok
-120 -130 -84.844026285 -120.1 -129.5 1 ok
-110 -120 -84.841211624 -109.7 -120.1 1 ok
-110 -110 -84.840096160 -110.7 -111.5 1 ok
-110 -100 -84.837462735 -111.1 -102.5 1 ok
-110 -90 -84.833822531 -109.9 -92.1 1 ok
-110 -80 -84.830862418 -109.8 -82.2 1 ok
-110 -70 -84.827864721 -110.3 -72.4 1 ok
-110 -60 -84.825016720 -110.7 -62.1 1 ok
-110 -50 -84.822523302 -111.3 -52.1 1 ok
-110 -40 -84.819339637 -111.3 -41.9 1 ok
-110 -30 -84.816699593 -110.7 -31.2 0 ring
-110 -20 -84.823744639 -108.8 -19.2 0 ring
-110 -10 -84.822809700 -109.1 -9.0 1 ok
-110 0 -84.824550369 -109.3 1.3 1 ok
-110 10 -84.829266076 -109.0 11.7 0 ring
-110 20 -84.831814128 -109.0 21.5 0 ring
-110 30 -84.833228374 -109.8 30.6 0 ring
-110 40 -84.833501370 -110.3 39.9 0 ring
-110 50 -84.831789835 -109.1 50.8 1 ok
-110 60 -84.835209325 -107.4 62.3 1 ok
-110 70 -84.837351443 -108.3 71.2 1 ok
-110 80 -84.837823825 -109.5 79.8 1 ok
-110 90 -84.836661115 -110.7 88.3 1 ok
-110 100 -84.833790455 -111.8 97.1 1 ok
-110 110 -84.828966943 -111.6 107.2 1 ok
-110 120 -84.825817982 -109.5 119.4 1 ok
-110 130 -84.826122785 -108.8 130.4 1 ok
-110 140 -84.826560737 -109.4 140.2 1 ok
-110 150 -84.829423379 -109.8 150.2 0 ring
-110 160 -84.829976534 -109.9 160.4 0 ring
-110 170 -84.832624705 -108.9 171.3 0 ring
-110 -180 -84.834425884 -109.0 -178.7 0 ring
-110 -170 -84.836688720 -108.9 -168.4 0 ring
-110 -160 -84.839403166 -108.9 -158.2 1 ok
-110 -150 -84.841604465 -109.4 -148.7 0 ring
-110 -140 -84.842987420 -109.9 -139.4 0 ring
-110 -130 -84.843326009 -110.8 -130.3 1 ok
-100 -120 -84.841311005 -99.6 -120.7 1 ok
-100 -110 -84.839633093 -100.1 -111.7 1 ok
-100 -100 -84.837210634 -99.5 -101.8 1 ok
-100 -90 -84.834439742 -99.7 -92.1 1 ok
-100 -80 -84.831155663 -100.3 -82.6 1 ok
-100 -70 -84.827510513 -100.8 -72.7 1 ok
-100 -60 -84.823961784 -101.0 -62.5 1 ok
-100 -50 -84.820701956 -100.8 -52.0 1 ok
-100 -40 -84.818045210 -100.1 -41.2 0 ring
-100 -30 -84.824605904 -98.8 -29.6 0 ring
-100 -20 -84.825278756 -99.2 -19.5 0 ring
-100 -10 -84.826344350 -99.3 -9.2 0 ring
-100 0 -84.828613684 -98.7 1.6 0 ring
-100 10 -84.831287267 -98.6 11.6 0 ring
-100 20 -84.832993149 -99.2 20.8 0 ring
-100 30 -84.833546297 -99.8 30.0 0 ring
-100 40 -84.834583059 -98.6 41.1 0 ring
-100 50 -84.835593166 -97.5 52.3 1 ok
-100 60 -84.838137483 -98.2 61.4 1 ok
-100 70 -84.838948225 -99.3 70.1 1 ok
-100 80 -84.838051456 -100.5 78.5 1 ok
-100 90 -84.835496244 -101.5 87.3 1 ok
-100 100 -84.831187713 -101.6 96.9 1 ok
-100 110 -84.827995663 -99.4 109.0 1 ok
-100 120 -84.827721081 -98.7 120.0 1 ok
-100 130 -84.827560455 -99.3 129.8 1 ok
-100 140 -84.827369054 -99.8 139.8 1 ok
-100 150 -84.829763590 -99.8 150.1 0 ring
-100 160 -84.832685850 -98.5 161.5 0 ring
-100 170 -84.834136110 -99.1 170.7 0 ring
-100 -180 -84.836000339 -99.1 -178.7 0 ring
-100 -170 -84.838272256 -99.1 -168.5 0 ring
-100 -160 -84.840485065 -99.4 -158.7 0 ring
-100 -150 -84.841975360 -99.9 -149.3 0 ring
-100 -140 -84.842439684 -100.6 -140.2 0 ring
-100 -130 -84.841715706 -101.3 -131.1 0 ring
-90 -120 -84.842169466 -89.1 -120.8 1 ok
-90 -110 -84.840590738 -89.3 -111.4 1 ok
-90 -100 -84.838185283 -89.7 -102.1 1 ok
-90 -90 -84.834706971 -90.3 -92.8 1 ok
-90 -80 -84.830523379 -90.7 -83.1 1 ok
-90 -70 -84.826393399 -90.8 -72.8 1 ok
-90 -60 -84.822846257 -90.3 -62.0 0 ring
-90 -50 -84.825862345 -88.4 -49.7 0 ring
-90 -40 -84.825969211 -89.0 -40.1 0 ring
-90 -30 -84.825856109 -89.4 -30.0 0 ring
-90 -20 -84.826368961 -89.2 -19.4 0 ring
-90 -10 -84.828521518 -88.3 -8.3 0 ring
-90 0 -84.831299765 -88.2 1.7 0 ring
-90 10 -84.833213990 -88.7 11.0 0 ring
-90 20 -84.833921302 -89.3 20.1 0 ring
-90 30 -84.833353932 -89.9 29.1 0 ring
-90 40 -84.838113441 -88.4 40.7 0 ring
-90 50 -84.838339764 -89.0 49.8 0 ring
-90 60 -84.844497119 -89.4 59.3 0 ring
-90 70 -84.843057940 -89.6 68.6 0 ring
-90 80 -84.840718815 -89.7 78.1 0 ring
-90 90 -84.837780017 -89.7 88.0 0 ring
-90 100 -84.834773012 -89.6 98.1 0 ring
-90 110 -84.832021996 -89.3 108.5 0 ring
-90 120 -84.830128395 -89.2 118.9 0 ring
-90 130 -84.829503867 -88.8 129.6 0 ring
-90 140 -84.829262581 -88.8 140.0 0 ring
-90 150 -84.829659269 -88.8 150.3 0 ring
-90 160 -84.830844751 -88.7 160.9 0 ring
-90 170 -84.832412573 -88.7 171.0 0 ring
-90 -180 -84.836804193 -87.4 -178.0 0 ring
-90 -170 -84.838734829 -88.1 -168.8 0 ring
-90 -160 -84.839574635 -88.8 -159.7 0 ring
-90 -150 -84.839415685 -89.5 -150.4 0 ring
-90 -140 -84.838579245 -89.9 -140.8 0 ring
-90 -130 -84.837529354 -89.8 -130.6 0 ring
-80 -120 -84.843575639 -79.1 -120.9 1 ok
-80 -110 -84.841632343 -79.7 -111.9 1 ok
-80 -100 -84.838403170 -80.3 -102.7 1 ok
-80 -90 -84.834160069 -80.7 -93.2 1 ok
-80 -80 -84.829461484 -80.5 -82.9 1 ok
-80 -70 -84.825659280 -80.0 -72.1 0 ring
-80 -60 -84.841019401 -79.6 -61.1 0 ring
-80 -50 -84.839242403 -79.9 -51.5 0 ring
-80 -40 -84.836879062 -80.3 -41.7 0 ring
-80 -30 -84.834340377 -80.1 -31.2 0 ring
-80 -20 -84.833574017 -78.7 -19.7 0 ring
-80 -10 -84.834928251 -78.4 -9.0 0 ring
-80 0 -84.836472863 -78.6 1.0 0 ring
-80 10 -84.837846694 -78.9 10.6 0 ring
-80 20 -84.838835912 -79.0 20.9 0 ring
-80 30 -84.840875831 -78.9 31.3 0 ring
-80 40 -84.842334797 -79.5 40.7 0 ring
-80 50 -84.842783932 -80.2 49.8 0 ring
-80 60 -84.841926406 -80.7 58.9 0 ring
-80 70 -84.840931812 -80.5 68.9 0 ring
-80 80 -84.839131069 -80.1 78.6 0 ring
-80 90 -84.837800859 -79.0 89.3 0 ring
-80 100 -84.836868183 -78.9 99.4 0 ring
-80 110 -84.835857024 -79.5 109.3 0 ring
-80 120 -84.834454691 -80.2 119.0 0 ring
-80 130 -84.834580230 -80.1 129.5 0 ring
-80 140 -84.834228976 -79.5 140.3 0 ring
-80 150 -84.838956578 -78.8 151.8 0 ring
-80 160 -84.841773462 -79.0 161.8 0 ring
-80 170 -84.844564897 -79.3 171.8 0 ring
-80 -180 -84.847021580 -79.6 -178.5 0 ring
-80 -170 -84.848857190 -80.1 -169.0 0 ring
-80 -160 -84.849838325 -80.3 -159.5 0 ring
-80 -150 -84.850010147 -80.4 -150.1 0 ring
-80 -140 -84.849276041 -80.6 -141.0 0 ring
-80 -130 -84.847528550 -80.6 -131.7 0 ring
-70 -120 -84.836236966 -69.2 -121.0 1 ok
-70 -110 -84.834066969 -69.9 -112.0 1 ok
-70 -100 -84.830761611 -70.4 -102.7 1 ok
-70 -90 -84.826668711 -70.3 -92.7 1 ok
-70 -80 -84.823013766 -69.6 -82.0 0 ring
-70 -70 -84.839709934 -69.9 -71.4 0 ring
-70 -60 -84.837640071 -69.8 -61.5 0 ring
-70 -50 -84.835438360 -70.0 -51.7 0 ring
-70 -40 -84.832800450 -70.4 -42.0 0 ring
-70 -30 -84.829706433 -71.1 -32.4 0 ring
-70 -20 -84.826170515 -70.5 -21.8 0 ring
-70 -10 -84.833620387 -68.8 -8.8 0 ring
-70 0 -84.834812115 -70.0 0.5 0 ring
-70 10 -84.835146385 -70.8 9.9 0 ring
-70 20 -84.834728647 -71.2 19.4 0 ring
-70 30 -84.835790371 -70.6 30.3 0 ring
-70 40 -84.848164661 -69.8 40.4 0 ring
-70 50 -84.847945305 -70.3 49.3 0 ring
-70 60 -84.846314867 -70.5 58.3 0 ring
-70 70 -84.843426319 -70.6 67.5 0 ring
-70 80 -84.840331084 -69.9 78.4 0 ring
-70 90 -84.838240060 -69.0 88.7 0 ring
-70 100 -84.836042287 -69.0 98.4 0 ring
-70 110 -84.840005556 -68.8 110.0 0 ring
-70 120 -84.839946900 -69.3 120.0 0 ring
-70 130 -84.839980473 -69.6 130.1 0 ring
-70 140 -84.840321437 -69.9 140.3 0 ring
-70 150 -84.840991171 -70.0 150.6 0 ring
-70 160 -84.842444823 -70.0 161.1 0 ring
-70 170 -84.844936912 -69.3 171.7 0 ring
-70 -180 -84.846766265 -69.8 -179.2 0 ring
-70 -170 -84.847295574 -70.2 -170.1 0 ring
-70 -160 -84.846553308 -70.7 -161.0 0 ring
-70 -150 -84.844916649 -70.6 -151.1 0 ring
-70 -140 -84.843761892 -70.1 -140.4 0 ring
-70 -130 -84.843174454 -70.0 -130.5 0 ring
-60 -120 -84.836965212 -60.0 -121.7 1 ok
-60 -110 -84.833978335 -60.4 -112.4 1 ok
-60 -100 -84.830093524 -60.4 -102.7 1 ok
-60 -90 -84.826488570 -59.6 -92.0 0 ring
-60 -80 -84.824158480 -59.0 -81.2 0 ring
-60 -70 -84.839966281 -60.0 -71.3 0 ring
-60 -60 -84.837938995 -60.1 -61.7 0 ring
-60 -50 -84.835245385 -60.7 -52.2 0 ring
-60 -40 -84.831758212 -61.3 -42.6 0 ring
-60 -30 -84.828223209 -60.4 -31.9 0 ring
-60 -20 -84.832781760 -59.2 -21.0 0 ring
-60 -10 -84.830988694 -60.1 -11.4 0 ring
-60 0 -84.829084810 -60.5 -1.1 0 ring
-60 10 -84.827730263 -60.8 9.4 0 ring
-60 20 -84.835734795 -60.5 20.5 0 ring
-60 30 -84.836797791 -60.0 30.8 0 ring
-60 40 -84.844957075 -60.5 40.4 0 ring
-60 50 -84.845124592 -60.5 49.8 0 ring
-60 60 -84.844370664 -60.4 59.0 0 ring
-60 70 -84.842572777 -60.4 68.2 0 ring
-60 80 -84.839586500 -60.3 77.5 0 ring
-60 90 -84.838791091 -58.9 89.2 0 ring
-60 100 -84.837257973 -59.3 98.7 0 ring
-60 110 -84.835486329 -59.4 108.8 0 ring
-60 120 -84.833923722 -59.7 118.9 0 ring
-60 130 -84.832930610 -59.9 129.3 0 ring
-60 140 -84.832424493 -59.9 139.8 0 ring
-60 150 -84.833658128 -58.9 151.7 0 ring
-60 160 -84.835925569 -59.6 161.4 0 ring
-60 170 -84.837523178 -60.3 170.8 0 ring
-60 -180 -84.838289247 -60.9 -179.9 0 ring
-60 -170 -84.838209928 -61.5 -170.5 0 ring
-60 -160 -84.837137040 -61.4 -160.7 0 ring
-60 -150 -84.837426427 -60.0 -149.4 0 ring
-60 -140 -84.838323158 -59.6 -139.6 0 ring
-60 -130 -84.838622291 -59.5 -130.2 0 ring
-50 -120 -84.836727013 -50.5 -122.1 1 ok
-50 -110 -84.833244302 -50.5 -112.5 1 ok
-50 -100 -84.829788314 -49.6 -101.8 0 ring
-50 -90 -84.827458804 -49.2 -91.4 0 ring
-50 -80 -84.826506000 -48.8 -80.3 0 ring
-50 -70 -84.830969535 -47.4 -69.0 0 ring
-50 -60 -84.832370658 -47.7 -59.3 0 ring
-50 -50 -84.833102165 -48.4 -49.7 0 ring
-50 -40 -84.833638930 -49.0 -39.7 0 ring
-50 -30 -84.833775442 -49.9 -30.0 0 ring
-50 -20 -84.833799300 -50.6 -20.1 0 ring
-50 -10 -84.833645234 -51.1 -10.2 0 ring
-50 0 -84.833390201 -51.1 -0.0 0 ring
-50 10 -84.833935007 -50.9 10.5 0 ring
-50 20 -84.841210466 -50.5 21.5 0 ring
-50 30 -84.843075694 -50.8 30.9 0 ring
-50 40 -84.844143883 -50.9 40.4 0 ring
-50 50 -84.844400747 -50.7 49.8 0 ring
-50 60 -84.843762763 -50.7 59.1 0 ring
-50 70 -84.841971414 -50.7 68.2 0 ring
-50 80 -84.841253294 -49.1 79.5 0 ring
-50 90 -84.840076893 -49.5 88.8 0 ring
-50 100 -84.838228949 -49.6 98.7 0 ring
-50 110 -84.836199186 -49.8 108.6 0 ring
-50 120 -84.834352177 -50.1 118.8 0 ring
-50 130 -84.832938603 -50.3 129.2 0 ring
-50 140 -84.832526289 -50.0 140.3 0 ring
-50 150 -84.834230582 -50.0 151.1 0 ring
-50 160 -84.835552596 -50.8 160.7 0 ring
-50 170 -84.836313145 -51.4 170.2 0 ring
-50 -180 -84.836284574 -51.9 179.6 0 ring
-50 -170 -84.835580780 -52.1 -170.6 0 ring
-50 -160 -84.835997074 -50.2 -159.0 0 ring
-50 -150 -84.837732635 -49.6 -149.0 0 ring
-50 -140 -84.838999885 -49.5 -139.5 0 ring
-50 -130 -84.839015858 -50.0 -130.6 0 ring
-40 -120 -84.835810181 -40.8 -122.2 0 ring
-40 -110 -84.832724910 -40.0 -111.7 0 ring
-40 -100 -84.830517155 -39.4 -101.3 0 ring
-40 -90 -84.828413857 -39.5 -91.5 0 ring
-40 -80 -84.832746857 -38.0 -79.0 0 ring
-40 -70 -84.833996851 -38.3 -69.3 0 ring
-40 -60 -84.834670165 -38.9 -59.8 0 ring
-40 -50 -84.834498788 -39.7 -50.2 0 ring
-40 -40 -84.833943682 -40.5 -40.6 0 ring
-40 -30 -84.833030237 -41.1 -30.6 0 ring
-40 -20 -84.832263922 -41.5 -20.5 0 ring
-40 -10 -84.831568982 -41.6 -10.3 0 ring
-40 0 -84.831661397 -41.3 0.3 0 ring
-40 10 -84.838130536 -40.8 11.3 0 ring
-40 20 -84.840201267 -40.9 21.2 0 ring
-40 30 -84.841819677 -41.0 30.9 0 ring
-40 40 -84.842921899 -40.9 40.5 0 ring
-40 50 -84.843316650 -41.0 49.9 0 ring
-40 60 -84.842693120 -40.9 59.1 0 ring
-40 70 -84.842963685 -40.2 68.6 0 ring
-40 80 -84.842123602 -39.6 79.3 0 ring
-40 90 -84.840758454 -39.8 88.7 0 ring
-40 100 -84.838633803 -40.1 98.2 0 ring
-40 110 -84.836199749 -40.5 108.2 0 ring
-40 120 -84.833853572 -40.7 118.6 0 ring
-40 130 -84.832355806 -40.5 129.4 0 ring
-40 140 -84.832658276 -40.3 140.5 0 ring
-40 150 -84.833384266 -41.0 150.3 0 ring
-40 160 -84.833767730 -41.7 160.0 0 ring
-40 170 -84.833720169 -42.3 169.7 0 ring
-40 -180 -84.833117469 -42.4 179.4 0 ring
-40 -170 -84.833835044 -40.3 -168.7 0 ring
-40 -160 -84.836381942 -39.6 -158.4 0 ring
-40 -150 -84.838527716 -39.5 -148.9 0 ring
-40 -140 -84.839361359 -40.0 -140.0 0 ring
-40 -130 -84.838663494 -40.6 -131.2 0 ring
-30 -120 -84.834813669 -30.1 -121.2 0 ring
-30 -110 -84.832969940 -29.7 -111.0 0 ring
-30 -100 -84.831200915 -29.9 -101.5 0 ring
-30 -90 -84.829736847 -29.1 -90.2 0 ring
-30 -80 -84.834996986 -28.6 -79.2 0 ring
-30 -70 -84.835471124 -29.3 -70.1 0 ring
-30 -60 -84.835013196 -29.9 -60.7 0 ring
-30 -50 -84.833564245 -30.7 -51.4 0 ring
-30 -40 -84.831366617 -31.6 -41.8 0 ring
-30 -30 -84.828762389 -32.2 -31.7 0 ring
-30 -20 -84.829313216 -31.5 -20.3 0 ring
-30 -10 -84.829226889 -31.8 -10.1 0 ring
-30 0 -84.834981408 -30.7 1.2 0 ring
-30 10 -84.836951462 -30.9 11.2 0 ring
-30 20 -84.838861731 -30.9 21.2 0 ring
-30 30 -84.840531075 -31.0 30.8 0 ring
-30 40 -84.841710037 -31.0 40.5 0 ring
-30 50 -84.841943437 -31.2 49.7 0 ring
-30 60 -84.843711392 -30.5 59.4 0 ring
-30 70 -84.842283313 -30.7 68.5 0 ring
-30 80 -84.842544579 -29.9 79.1 0 ring
-30 90 -84.840902519 -30.2 88.4 0 ring
-30 100 -84.838299182 -30.7 97.9 0 ring
-30 110 -84.835405135 -30.9 108.1 0 ring
-30 120 -84.832862538 -30.8 118.7 0 ring
-30 130 -84.831604483 -30.6 129.7 0 ring
-30 140 -84.831528268 -31.2 139.9 0 ring
-30 150 -84.831364083 -31.9 149.7 0 ring
-30 160 -84.830921244 -32.4 159.5 0 ring
-30 170 -84.830105530 -32.6 169.4 0 ring
-30 -180 -84.831460753 -30.4 -178.7 0 ring
-30 -170 -84.833759525 -29.8 -168.4 0 ring
-30 -160 -84.837083046 -29.5 -158.4 0 ring
-30 -150 -84.838780245 -30.0 -149.3 0 ring
-30 -140 -84.838913123 -30.7 -140.6 0 ring
-30 -130 -84.837362866 -31.3 -131.9 0 ring
-20 -120 -84.836974969 -18.9 -120.5 1 ok
-20 -110 -84.835662031 -19.6 -111.5 0 ring
-20 -100 -84.833025661 -20.3 -102.4 0 ring
-20 -90 -84.839458143 -18.8 -89.0 0 ring
-20 -80 -84.840423415 -19.3 -79.7 0 ring
-20 -70 -84.840337864 -20.0 -70.6 0 ring
-20 -60 -84.839090718 -20.8 -61.4 0 ring
-20 -50 -84.836721632 -21.7 -52.1 0 ring
-20 -40 -84.833459439 -22.2 -42.4 0 ring
-20 -30 -84.832799332 -21.0 -30.3 0 ring
-20 -20 -84.832592949 -21.3 -20.2 0 ring
-20 -10 -84.833016089 -21.1 -9.7 0 ring
-20 0 -84.833986383 -20.8 0.6 0 ring
-20 10 -84.835418822 -20.3 11.0 0 ring
-20 20 -84.837417441 -19.6 21.5 0 ring
-20 30 -84.840191413 -19.3 31.8 0 ring
-20 40 -84.842660370 -19.4 41.4 0 ring
-20 50 -84.844413322 -19.5 50.9 0 ring
-20 60 -84.845242424 -19.5 60.2 0 ring
-20 70 -84.845160690 -19.4 69.7 0 ring
-20 80 -84.844425680 -19.7 79.0 0 ring
-20 90 -84.842534629 -20.3 88.4 0 ring
-20 100 -84.839953094 -20.6 98.3 0 ring
-20 110 -84.837817388 -20.8 108.9 0 ring
-20 120 -84.836620780 -21.2 119.2 0 ring
-20 130 -84.835581736 -21.8 129.1 0 ring
-20 140 -84.834610988 -22.1 139.1 0 ring
-20 150 -84.833953222 -21.3 150.3 0 ring
-20 160 -84.834612909 -21.3 160.5 0 ring
-20 170 -84.835888090 -21.0 170.9 0 ring
-20 -180 -84.837371334 -21.0 -179.1 0 ring
-20 -170 -84.838982521 -20.6 -168.8 0 ring
-20 -160 -84.841075475 -20.3 -158.8 0 ring
-20 -150 -84.842325565 -20.5 -149.8 0 ring
-20 -140 -84.841815737 -21.1 -141.3 0 ring
-20 -130 -84.839221140 -21.4 -132.5 0 ring
-10 -120 -84.838336978 -9.2 -121.0 1 ok
-10 -110 -84.836208288 -9.9 -112.1 0 ring
-10 -100 -84.832540715 -10.5 -103.0 0 ring
-10 -90 -84.840833299 -9.4 -89.5 0 ring
-10 -80 -84.840990648 -10.1 -80.4 0 ring
-10 -70 -84.839934014 -10.9 -71.4 0 ring
-10 -60 -84.837617067 -11.8 -62.3 0 ring
-10 -50 -84.834097472 -12.5 -52.8 0 ring
-10 -40 -84.832107122 -11.1 -40.8 0 ring
-10 -30 -84.831185740 -11.1 -30.4 0 ring
-10 -20 -84.831230401 -10.8 -19.7 0 ring
-10 -10 -84.831945309 -10.6 -9.5 0 ring
-10 0 -84.833583403 -10.0 1.1 0 ring
-10 10 -84.835623260 -9.7 11.4 0 ring
-10 20 -84.838343371 -9.4 21.9 0 ring
-10 30 -84.841134048 -9.5 31.8 0 ring
-10 40 -84.843425632 -9.7 41.3 0 ring
-10 50 -84.845111789 -9.6 50.9 0 ring
-10 60 -84.845926393 -9.6 60.3 0 ring
-10 70 -84.845807047 -9.9 69.5 0 ring
-10 80 -84.844423276 -10.5 78.4 0 ring
-10 90 -84.841860602 -10.8 88.0 0 ring
-10 100 -84.838911829 -10.8 98.3 0 ring
-10 110 -84.836582953 -11.0 108.7 0 ring
-10 120 -84.834796550 -11.4 118.9 0 ring
-10 130 -84.833253294 -11.8 128.8 0 ring
-10 140 -84.831934902 -11.0 140.0 0 ring
-10 150 -84.832262348 -10.8 150.4 0 ring
-10 160 -84.833264491 -10.7 160.8 0 ring
-10 170 -84.834647710 -10.7 170.9 0 ring
-10 -180 -84.836334806 -10.3 -178.7 0 ring
-10 -170 -84.838599554 -10.0 -168.5 0 ring
-10 -160 -84.840641348 -10.2 -159.1 0 ring
-10 -150 -84.841407060 -10.6 -150.3 0 ring
-10 -140 -84.840221033 -10.7 -141.5 0 ring
-10 -130 -84.837854589 -9.9 -131.4 0 ring
0 -120 -84.839466767 0.5 -121.7 1 ok
0 -110 -84.836392551 -0.1 -112.8 0 ring
0 -100 -84.837084212 0.8 -99.6 0 ring
0 -90 -84.840342413 0.1 -90.5 0 ring
0 -80 -84.839068061 -0.4 -81.3 0 ring
0 -70 -84.837129619 -0.8 -71.7 0 ring
0 -60 -84.834390982 -1.5 -62.3 0 ring
0 -50 -84.830931169 -2.0 -52.8 0 ring
0 -40 -84.828184918 -0.6 -40.7 0 ring
0 -30 -84.827939840 -0.2 -29.9 0 ring
0 -20 -84.828380113 -0.2 -19.6 0 ring
0 -10 -84.829406864 -0.0 -9.3 0 ring
0 0 -84.830545764 -0.2 0.8 0 ring
0 10 -84.831952786 -0.2 10.9 0 ring
0 20 -84.833830212 -0.1 21.2 0 ring
0 30 -84.835879103 -0.1 31.3 0 ring
0 40 -84.837951560 0.2 41.4 0 ring
0 50 -84.840153783 0.6 51.4 0 ring
0 60 -84.841569878 0.3 60.6 0 ring
0 70 -84.841637099 -0.3 69.5 0 ring
0 80 -84.840333934 -0.8 78.5 0 ring
0 90 -84.838008333 -0.9 88.2 0 ring
0 100 -84.835243530 -1.0 98.3 0 ring
0 110 -84.832943774 -1.1 108.6 0 ring
0 120 -84.830861077 -1.4 118.7 0 ring
0 130 -84.829266695 -0.6 129.7 0 ring
0 140 -84.829291543 -0.5 140.2 0 ring
0 150 -84.830015314 -0.3 150.6 0 ring
0 160 -84.831426779 -0.2 160.9 0 ring
0 170 -84.833200833 -0.1 171.1 0 ring
0 -180 -84.835636996 0.4 -178.4 0 ring
0 -170 -84.838014510 0.3 -168.6 0 ring
0 -160 -84.840170031 0.1 -159.4 0 ring
0 -150 -84.840194998 -0.1 -150.5 0 ring
0 -140 -84.839112386 0.1 -140.9 0 ring
0 -130 -84.837762654 0.4 -130.7 0 ring
10 -120 -84.837869848 11.0 -122.1 1 ok
10 -110 -84.834223428 10.4 -112.9 0 ring
10 -100 -84.837563349 10.3 -100.0 0 ring
10 -90 -84.836895662 9.4 -91.2 0 ring
10 -80 -84.834735693 8.6 -82.2 0 ring
10 -70 -84.831123818 7.9 -73.2 0 ring
10 -60 -84.826268351 7.6 -63.5 0 ring
10 -50 -84.825242219 9.0 -51.5 0 ring
10 -40 -84.831065828 10.0 -40.8 0 ring
10 -30 -84.831257022 10.9 -29.7 0 ring
10 -20 -84.834978257 12.5 -18.3 0 ring
10 -10 -84.837599779 12.1 -8.2 0 ring
10 0 -84.839763332 11.3 1.4 0 ring
10 10 -84.841203786 10.3 10.7 0 ring
10 20 -84.841718268 9.4 20.0 0 ring
10 30 -84.842278730 10.1 30.5 0 ring
10 40 -84.843238925 10.5 40.7 0 ring
10 50 -84.843997518 10.6 50.3 0 ring
10 60 -84.843928627 10.5 59.5 0 ring
10 70 -84.842848575 10.7 69.0 0 ring
10 80 -84.840962513 10.6 78.5 0 ring
10 90 -84.838318500 10.3 88.0 0 ring
10 100 -84.835255015 10.1 97.9 0 ring
10 110 -84.832133114 10.2 108.1 0 ring
10 120 -84.833752559 11.2 119.5 0 ring
10 130 -84.832925017 10.9 129.5 0 ring
10 140 -84.832484343 10.8 139.8 0 ring
10 150 -84.832365567 10.6 150.0 0 ring
10 160 -84.832531982 10.4 160.1 0 ring
10 170 -84.847294576 11.3 171.1 0 ring
10 -180 -84.848261357 10.8 -179.7 0 ring
10 -170 -84.848450852 10.5 -170.2 0 ring
10 -160 -84.847910896 10.4 -160.5 0 ring
10 -150 -84.847318301 10.8 -150.3 0 ring
10 -140 -84.847130528 10.9 -140.2 0 ring
10 -130 -84.846528503 10.9 -130.7 0 ring
20 -120 -84.839402506 20.8 -122.7 0 ring
20 -110 -84.835175981 20.8 -112.8 0 ring
20 -100 -84.831038412 20.8 -102.4 0 ring
20 -90 -84.836002899 19.1 -91.9 0 ring
20 -80 -84.832782521 18.5 -82.9 0 ring
20 -70 -84.828225387 18.0 -73.6 0 ring
20 -60 -84.842187132 19.9 -61.6 0 ring
20 -50 -84.844997140 20.2 -51.3 0 ring
20 -40 -84.842894276 20.2 -41.7 0 ring
20 -30 -84.842587470 21.4 -30.6 0 ring
20 -20 -84.841640728 21.0 -20.8 0 ring
20 -10 -84.840150151 20.6 -11.0 0 ring
20 0 -84.841338258 20.9 0.8 0 ring
20 10 -84.841799444 19.8 10.0 0 ring
20 20 -84.842051240 19.9 20.1 0 ring
20 30 -84.846620702 21.4 31.9 0 ring
20 40 -84.849255842 21.4 41.6 0 ring
20 50 -84.850656543 20.9 50.5 0 ring
20 60 -84.850436876 20.3 59.2 0 ring
20 70 -84.848510156 19.8 67.9 0 ring
20 80 -84.845199417 20.1 77.6 0 ring
20 90 -84.842243939 20.6 88.5 0 ring
20 100 -84.839927363 20.5 98.6 0 ring
20 110 -84.837955598 20.7 109.0 0 ring
20 120 -84.842608750 22.0 120.4 0 ring
20 130 -84.842966541 21.6 130.3 0 ring
20 140 -84.844201170 21.8 140.7 0 ring
20 150 -84.845578390 21.7 151.0 0 ring
20 160 -84.846897350 21.4 160.9 0 ring
20 170 -84.847791956 20.9 170.4 0 ring
20 -180 -84.848290195 20.8 -179.8 0 ring
20 -170 -84.848744125 21.0 -169.9 0 ring
20 -160 -84.849270847 21.4 -159.7 0 ring
20 -150 -84.849826809 21.5 -149.7 0 ring
20 -140 -84.850093882 21.6 -140.0 0 ring
20 -130 -84.849921171 21.5 -130.4 0 ring
30 -120 -84.840747576 30.9 -122.8 0 ring
30 -110 -84.836555073 31.0 -112.7 0 ring
30 -100 -84.834779016 31.0 -101.5 0 ring
30 -90 -84.832011530 30.2 -92.4 0 ring
30 -80 -84.828237842 29.8 -82.9 0 ring
30 -70 -84.823742501 29.9 -72.9 0 ring
30 -60 -84.828530834 31.9 -60.8 0 ring
30 -50 -84.833563319 33.5 -49.6 1 ok
30 -40 -84.835269352 33.9 -38.9 1 ok
30 -30 -84.837610628 33.9 -28.4 1 ok
30 -20 -84.837353316 33.3 -18.5 1 ok
30 -10 -84.838733464 32.3 -9.1 1 ok
30 0 -84.839286897 31.2 0.2 1 ok
30 10 -84.839683083 31.2 10.2 1 ok
30 20 -84.839789430 30.9 20.1 1 ok
30 30 -84.840941440 31.9 30.9 1 ok
30 40 -84.843204916 32.9 41.1 1 ok
30 50 -84.844366865 32.8 50.5 1 ok
30 60 -84.844422276 32.4 59.7 1 ok
30 70 -84.843458327 32.1 69.0 1 ok
30 80 -84.841504453 31.8 78.4 1 ok
30 90 -84.838665872 31.4 87.9 1 ok
30 100 -84.838040035 31.5 98.1 0 ring
30 110 -84.835628007 31.8 108.7 0 ring
30 120 -84.834587361 33.2 120.5 1 ok
30 130 -84.837968083 32.9 130.8 0 ring
30 140 -84.839298065 32.5 141.0 0 ring
30 150 -84.838499999 32.3 151.2 1 ok
30 160 -84.843335612 32.3 161.5 1 ok
30 170 -84.844966902 31.9 171.0 1 ok
30 -180 -84.846192606 31.9 -179.4 1 ok
30 -170 -84.847588773 32.2 -169.3 1 ok
30 -160 -84.848421436 32.3 -159.6 1 ok
30 -150 -84.848410158 32.0 -150.3 1 ok
30 -140 -84.847207779 31.6 -141.3 1 ok
30 -130 -84.844626108 31.0 -132.3 1 ok
40 -120 -84.847604863 42.2 -121.2 1 ok
40 -110 -84.845823563 42.7 -111.2 0 ring
40 -100 -84.846663538 43.4 -99.7 1 ok
40 -90 -84.846930963 43.1 -89.9 1 ok
40 -80 -84.846536715 42.6 -80.3 1 ok
40 -70 -84.845588601 42.4 -70.6 1 ok
40 -60 -84.844737830 42.4 -60.6 1 ok
40 -50 -84.844118521 42.3 -50.6 1 ok
40 -40 -84.843796683 42.3 -40.3 1 ok
40 -30 -84.843766918 42.2 -29.9 1 ok
40 -20 -84.841810944 42.0 -19.7 1 ok
40 -10 -84.841958290 41.4 -10.0 1 ok
40 0 -84.841682173 40.8 -0.4 1 ok
40 10 -84.841109963 40.8 9.9 1 ok
40 20 -84.843547403 42.2 20.9 1 ok
40 30 -84.845330060 42.5 31.1 1 ok
40 40 -84.849053600 42.8 41.2 1 ok
40 50 -84.849834728 42.4 50.2 1 ok
40 60 -84.849826994 42.2 59.6 1 ok
40 70 -84.848632519 42.1 68.9 1 ok
40 80 -84.846675532 42.0 78.4 1 ok
40 90 -84.844336266 42.2 88.5 1 ok
40 100 -84.842369377 42.4 98.8 1 ok
40 110 -84.841282579 42.6 109.5 1 ok
40 120 -84.842973182 42.2 119.7 0 ring
40 130 -84.842332221 41.7 129.7 0 ring
40 140 -84.841916781 41.2 139.7 0 ring
40 150 -84.840698790 42.4 151.5 1 ok
40 160 -84.847211875 42.8 162.3 1 ok
40 170 -84.849948687 42.1 171.6 1 ok
40 -180 -84.851568883 41.7 -179.1 1 ok
40 -170 -84.852655234 41.6 -169.5 1 ok
40 -160 -84.852902540 41.5 -160.2 1 ok
40 -150 -84.852039477 41.1 -151.0 1 ok
40 -140 -84.850006295 40.9 -141.9 1 ok
40 -130 -84.846887874 40.8 -132.4 1 ok
50 -120 -84.851045607 52.8 -120.4 1 ok
50 -110 -84.851059150 53.2 -109.8 1 ok
50 -100 -84.851203147 52.9 -100.0 1 ok
50 -90 -84.850909646 52.5 -90.4 1 ok
50 -80 -84.850115207 52.3 -80.7 1 ok
50 -70 -84.849297598 52.4 -70.6 1 ok
50 -60 -84.848509282 52.2 -60.6 1 ok
50 -50 -84.847734862 52.0 -50.6 1 ok
50 -40 -84.847102649 51.9 -40.4 1 ok
50 -30 -84.846841094 51.7 -30.2 1 ok
50 -20 -84.844207460 51.3 -20.2 1 ok
50 -10 -84.843571362 50.6 -10.6 1 ok
50 0 -84.842559402 50.3 -0.6 1 ok
50 10 -84.845203267 52.0 11.1 1 ok
50 20 -84.846893524 52.0 21.1 1 ok
50 30 -84.850574293 52.2 31.6 1 ok
50 40 -84.852207982 51.9 40.8 1 ok
50 50 -84.852988268 51.9 50.2 1 ok
50 60 -84.852693952 51.8 59.4 1 ok
50 70 -84.851505884 51.8 68.9 1 ok
50 80 -84.849650347 51.9 78.6 1 ok
50 90 -84.847772072 52.2 88.8 1 ok
50 100 -84.846113715 52.3 99.0 1 ok
50 110 -84.847061866 52.0 109.2 0 ring
50 120 -84.845669037 51.5 119.1 0 ring
50 130 -84.844326053 51.0 129.2 0 ring
50 140 -84.841596478 51.4 140.3 1 ok
50 150 -84.844941007 52.5 152.2 1 ok
50 160 -84.850108459 51.8 161.8 1 ok
50 170 -84.852192414 51.3 171.3 1 ok
50 -180 -84.853675816 51.1 -179.2 1 ok
50 -170 -84.854577939 51.0 -169.7 1 ok
50 -160 -84.854559383 50.9 -160.4 1 ok
50 -150 -84.853418192 50.7 -151.2 1 ok
50 -140 -84.851132227 50.6 -141.9 1 ok
50 -130 -84.848139009 50.7 -132.3 1 ok
60 -120 -84.854816166 62.5 -119.8 1 ok
60 -110 -84.855104923 62.6 -110.0 1 ok
60 -100 -84.854907146 62.5 -100.2 1 ok
60 -90 -84.854229459 62.1 -90.6 1 ok
60 -80 -84.853405092 62.0 -80.6 1 ok
60 -70 -84.852563164 62.0 -70.6 1 ok
60 -60 -84.851514675 61.7 -60.7 1 ok
60 -50 -84.850435563 61.5 -50.6 1 ok
60 -40 -84.849657738 61.3 -40.6 1 ok
60 -30 -84.848826632 60.9 -30.6 1 ok
60 -20 -84.845392056 60.2 -20.9 1 ok
60 -10 -84.844000531 59.8 -11.0 1 ok
60 0 -84.846152886 61.4 0.9 1 ok
60 10 -84.847535716 61.3 11.0 1 ok
60 20 -84.849416448 61.3 21.2 1 ok
60 30 -84.852908067 61.2 31.2 1 ok
60 40 -84.854458651 61.2 40.8 1 ok
60 50 -84.855059041 61.2 50.1 1 ok
60 60 -84.854842452 61.3 59.6 1 ok
60 70 -84.853819662 61.4 69.0 1 ok
60 80 -84.852414128 61.7 78.9 1 ok
60 90 -84.850751356 61.7 88.8 1 ok
60 100 -84.848881179 61.5 98.8 1 ok
60 110 -84.849279778 61.0 108.6 0 ring
60 120 -84.847170953 60.6 118.7 0 ring
60 130 -84.843290045 61.0 129.7 1 ok
60 140 -84.844808490 61.9 141.5 1 ok
60 150 -84.847255732 61.4 151.6 1 ok
60 160 -84.851773003 61.0 161.4 1 ok
60 170 -84.853608450 60.7 171.1 1 ok
60 -180 -84.854963000 60.6 -179.2 1 ok
60 -170 -84.855659733 60.5 -169.9 1 ok
60 -160 -84.855404632 60.3 -160.6 1 ok
60 -150 -84.854136499 60.4 -151.2 1 ok
60 -140 -84.852024988 60.4 -141.8 1 ok
60 -130 -84.849298035 60.6 -132.0 1 ok
70 -120 -84.855368565 71.9 -119.8 1 ok
70 -110 -84.855320377 71.9 -110.3 1 ok
70 -100 -84.855177624 72.0 -100.3 1 ok
70 -90 -84.855114004 72.0 -90.1 1 ok
70 -80 -84.855220096 71.9 -80.0 1 ok
70 -70 -84.854989157 71.5 -70.3 1 ok
70 -60 -84.854380941 70.9 -60.7 1 ok
70 -50 -84.853059240 70.2 -51.2 1 ok
70 -40 -84.850922634 69.2 -41.9 1 ok
70 -30 -84.848953895 69.6 -31.3 1 ok
70 -20 -84.844548993 69.1 -21.4 1 ok
70 -10 -84.842663319 69.4 -10.8 1 ok
70 0 -84.845712975 70.5 0.5 1 ok
70 10 -84.846831367 70.5 10.9 1 ok
70 20 -84.850594326 70.5 21.3 1 ok
70 30 -84.852332513 70.4 30.9 1 ok
70 40 -84.853319674 70.3 40.4 1 ok
70 50 -84.853584298 70.4 49.9 1 ok
70 60 -84.853122205 70.5 59.3 1 ok
70 70 -84.851874790 70.9 69.1 1 ok
70 80 -84.852702385 71.6 79.4 1 ok
70 90 -84.851527247 71.4 89.0 1 ok
70 100 -84.849940400 71.1 98.9 1 ok
70 110 -84.848069462 70.7 108.7 1 ok
70 120 -84.846418325 70.5 119.1 1 ok
70 130 -84.845778793 70.6 130.0 1 ok
70 140 -84.846122318 70.4 140.5 1 ok
70 150 -84.847187694 70.4 150.9 1 ok
70 160 -84.851284402 70.6 161.2 1 ok
70 170 -84.853048573 70.6 171.1 1 ok
70 -180 -84.854416298 70.5 -179.2 1 ok
70 -170 -84.855107909 70.2 -169.9 1 ok
70 -160 -84.854713458 69.9 -160.7 1 ok
70 -150 -84.853304593 69.9 -151.3 1 ok
70 -140 -84.851107680 70.0 -141.8 1 ok
70 -130 -84.848417531 70.3 -131.9 1 ok
80 -120 -84.857536424 81.2 -119.8 1 ok
80 -110 -84.857681030 81.3 -110.1 1 ok
80 -100 -84.857520479 81.3 -100.3 1 ok
80 -90 -84.857326680 81.3 -90.1 1 ok
80 -80 -84.857057108 80.9 -80.4 1 ok
80 -70 -84.856256012 80.3 -70.8 1 ok
80 -60 -84.854834022 79.5 -61.4 1 ok
80 -50 -84.852548989 78.6 -52.1 1 ok
80 -40 -84.850272936 79.2 -41.6 1 ok
80 -30 -84.847835113 78.7 -31.8 1 ok
80 -20 -84.843022758 78.8 -21.3 1 ok
80 -10 -84.845408958 80.2 -9.5 1 ok
80 0 -84.846140471 80.1 0.6 1 ok
80 10 -84.847283732 80.0 10.8 1 ok
80 20 -84.848589154 79.9 20.8 1 ok
80 30 -84.852460836 79.8 30.9 1 ok
80 40 -84.853387084 79.8 40.5 1 ok
80 50 -84.853863001 80.0 50.1 1 ok
80 60 -84.853594525 80.2 59.7 1 ok
80 70 -84.854878695 80.7 69.9 1 ok
80 80 -84.854273282 80.6 79.2 1 ok
80 90 -84.852832403 80.4 88.8 1 ok
80 100 -84.850796214 79.9 98.3 1 ok
80 110 -84.848444312 79.8 108.6 1 ok
80 120 -84.846663832 79.9 119.2 1 ok
80 130 -84.846133649 80.2 130.0 1 ok
80 140 -84.846665946 80.4 140.6 1 ok
80 150 -84.848173607 80.7 151.1 1 ok
80 160 -84.852250692 80.6 161.1 1 ok
80 170 -84.853762311 80.4 170.8 1 ok
80 -180 -84.854719315 80.1 -179.6 1 ok
80 -170 -84.854924715 79.9 -170.1 1 ok
80 -160 -84.854354259 79.8 -160.7 1 ok
80 -150 -84.853029143 80.1 -151.1 1 ok
80 -140 -84.854122548 79.6 -141.2 1 ok
80 -130 -84.852346504 79.9 -131.1 1 ok
90 -120 -84.858815725 90.6 -119.6 1 ok
90 -110 -84.859004995 90.6 -110.0 1 ok
90 -100 -84.858813341 90.6 -100.2 1 ok
90 -90 -84.858306509 90.3 -90.5 1 ok
90 -80 -84.857394052 89.7 -80.8 1 ok
90 -70 -84.855884477 89.0 -71.5 1 ok
90 -60 -84.853557933 88.2 -62.2 1 ok
90 -50 -84.851313360 89.0 -51.6 1 ok
90 -40 -84.848672518 88.5 -42.0 1 ok
90 -30 -84.845705580 88.6 -31.7 1 ok
90 -20 -84.841206947 89.2 -20.7 1 ok
90 -10 -84.845263725 89.7 -9.8 1 ok
90 0 -84.846143490 89.9 0.6 1 ok
90 10 -84.847285934 89.9 10.8 1 ok
90 20 -84.848331525 89.7 20.6 1 ok
90 30 -84.851799267 89.4 30.8 1 ok
90 40 -84.852891518 89.3 40.5 1 ok
90 50 -84.853460748 89.5 50.2 1 ok
90 60 -84.854896918 89.8 60.5 1 ok
90 70 -84.855150317 89.7 69.8 1 ok
90 80 -84.854394871 89.6 79.1 1 ok
90 90 -84.852732841 89.2 88.4 1 ok
90 100 -84.850279170 89.2 98.2 1 ok
90 110 -84.847797570 89.4 108.7 1 ok
90 120 -84.846471801 89.9 119.5 1 ok
90 130 -84.846440410 90.3 130.2 1 ok
90 140 -84.847609620 90.8 141.0 1 ok
90 150 -84.849203160 90.7 151.1 1 ok
90 160 -84.852978040 90.4 160.8 1 ok
90 170 -84.854032037 90.1 170.4 1 ok
90 -180 -84.854667898 90.0 -179.8 1 ok
90 -170 -84.854784961 89.9 -170.2 1 ok
90 -160 -84.854253945 89.9 -160.5 0 ring
90 -150 -84.853200183 89.8 -150.9 0 ring
90 -140 -84.851927009 89.9 -140.8 1 ok
90 -130 -84.851068692 90.0 -130.4 1 ok
DONE
