100 -120 -84.847315484 99.9 -119.6 1 ok
100 -110 -84.847660929 99.9 -110.0 1 ok
100 -100 -84.847404038 99.6 -100.4 1 ok
100 -90 -84.846400453 99.2 -91.1 1 ok
100 -80 -84.844734576 98.6 -81.5 1 ok
100 -70 -84.842355253 97.9 -72.2 1 ok
100 -60 -84.840837696 98.9 -61.6 1 ok
100 -50 -84.838252889 98.4 -52.3 1 ok
100 -40 -84.834850877 98.4 -42.2 1 ok
100 -30 -84.831876013 99.0 -31.3 1 ok
100 -20 -84.834231478 99.9 -19.8 1 ok
100 -10 -84.834761302 99.9 -9.5 1 ok
100 0 -84.835660063 100.0 0.7 1 ok
100 10 -84.836651871 99.8 10.6 1 ok
100 20 -84.837643558 99.6 20.6 1 ok
100 30 -84.838766280 99.6 30.7 1 ok
100 40 -84.839734111 99.5 40.6 1 ok
100 50 -84.841000263 99.6 51.0 1 ok
100 60 -84.842353715 99.4 60.7 1 ok
100 70 -84.842815429 99.2 69.9 1 ok
100 80 -84.842402466 99.3 79.4 1 ok
100 90 -84.841657512 99.2 89.3 1 ok
100 100 -84.840512990 99.0 99.0 1 ok
100 110 -84.838933548 98.9 108.9 1 ok
100 120 -84.837271512 98.9 119.0 1 ok
100 130 -84.835911790 99.2 129.3 1 ok
100 140 -84.835141688 99.4 139.7 1 ok
100 150 -84.834839817 99.5 149.9 1 ok
100 160 -84.840753662 100.2 160.6 1 ok
100 170 -84.841545467 100.0 170.3 1 ok
100 -180 -84.841933393 99.8 -179.9 1 ok
100 -170 -84.841783440 99.6 -170.3 0 ring
100 -160 -84.841015964 99.5 -160.7 0 ring
100 -150 -84.839844156 99.4 -150.9 0 ring
100 -140 -84.838614004 99.5 -140.7 1 ok
100 -130 -84.838058958 100.0 -130.1 1 ok
110 -120 -84.846668349 109.1 -119.7 1 ok
110 -110 -84.846869785 109.1 -110.1 1 ok
110 -100 -84.846282035 108.8 -100.8 1 ok
110 -90 -84.844743442 108.4 -91.6 1 ok
110 -80 -84.842312785 107.8 -82.3 1 ok
110 -70 -84.838824375 107.5 -72.6 1 ok
110 -60 -84.834911383 110.0 -60.7 1 ok
110 -50 -84.834524933 110.3 -50.2 1 ok
110 -40 -84.834271768 110.0 -40.2 1 ok
110 -30 -84.833976390 110.0 -30.0 1 ok
110 -20 -84.834205907 110.2 -19.7 1 ok
110 -10 -84.834841083 110.2 -9.5 1 ok
110 0 -84.835544394 109.8 0.3 1 ok
110 10 -84.836106588 109.4 10.3 1 ok
110 20 -84.836879303 109.2 20.5 1 ok
110 30 -84.837619327 108.8 30.5 1 ok
110 40 -84.838581731 108.8 40.7 1 ok
110 50 -84.839935783 108.9 50.9 1 ok
110 60 -84.841147840 108.9 60.5 1 ok
110 70 -84.841549119 108.9 69.9 1 ok
110 80 -84.841071460 109.1 79.5 1 ok
110 90 -84.840151044 109.1 89.3 1 ok
110 100 -84.838893400 109.0 99.0 1 ok
110 110 -84.837367248 109.3 109.0 1 ok
110 120 -84.836015799 109.5 119.2 1 ok
110 130 -84.835051615 109.7 129.6 1 ok
110 140 -84.834548563 109.7 139.7 1 ok
110 150 -84.840200193 110.4 150.6 1 ok
110 160 -84.840959090 110.0 160.3 1 ok
110 170 -84.841461696 109.8 170.1 1 ok
110 -180 -84.841502139 109.5 179.8 0 ring
110 -170 -84.841038942 109.3 -170.5 0 ring
110 -160 -84.840030761 109.1 -160.8 0 ring
110 -150 -84.838715694 109.0 -150.8 1 ok
110 -140 -84.837746036 109.3 -140.3 1 ok
110 -130 -84.838050167 110.0 -129.4 1 ok
120 -120 -84.845034346 118.6 -119.8 1 ok
120 -110 -84.844985149 118.6 -110.3 1 ok
120 -100 -84.844105592 118.6 -101.0 1 ok
120 -90 -84.842147583 118.6 -91.7 1 ok
120 -80 -84.839223096 118.6 -82.3 1 ok
120 -70 -84.835927789 119.9 -71.1 1 ok
120 -60 -84.835298168 120.5 -60.2 1 ok
120 -50 -84.834844330 120.1 -50.4 1 ok
120 -40 -84.834301033 120.2 -40.3 1 ok
120 -30 -84.834324125 120.4 -29.8 1 ok
120 -20 -84.834702113 120.4 -19.7 1 ok
120 -10 -84.834998901 119.9 -9.9 1 ok
120 0 -84.834938774 119.2 -0.3 1 ok
120 10 -84.834886284 118.7 9.9 1 ok
120 20 -84.835072293 118.2 20.0 1 ok
120 30 -84.835471555 118.1 30.4 1 ok
120 40 -84.836654835 118.4 41.0 1 ok
120 50 -84.838229554 118.9 51.1 1 ok
120 60 -84.839632684 119.0 60.6 1 ok
120 70 -84.840097720 119.1 69.9 1 ok
120 80 -84.839780018 119.4 79.7 1 ok
120 90 -84.838992969 119.4 89.2 1 ok
120 100 -84.837938568 119.5 99.1 1 ok
120 110 -84.836745949 119.7 109.1 1 ok
120 120 -84.835644447 120.0 119.4 1 ok
120 130 -84.839426701 120.6 130.3 1 ok
120 140 -84.839999334 120.4 140.3 1 ok
120 150 -84.840491677 120.0 150.2 1 ok
120 160 -84.840805002 119.6 160.0 1 ok
120 170 -84.840828592 119.2 169.7 1 ok
120 -180 -84.840480630 118.9 179.5 0 ring
120 -170 -84.839694266 118.7 -170.9 0 ring
120 -160 -84.838448861 118.6 -161.0 0 ring
120 -150 -84.837052756 118.6 -150.8 1 ok
120 -140 -84.836550954 119.2 -139.6 1 ok
120 -130 -84.845791903 118.9 -130.1 1 ok
130 -120 -84.843079130 128.6 -119.8 1 ok
130 -110 -84.843112047 129.0 -110.1 1 ok
130 -100 -84.842376742 129.1 -100.9 1 ok
130 -90 -84.840483402 129.2 -91.8 1 ok
130 -80 -84.837629653 130.0 -81.7 1 ok
130 -70 -84.836400906 130.4 -70.3 1 ok
130 -60 -84.835839200 130.1 -60.5 1 ok
130 -50 -84.835140940 130.2 -50.5 1 ok
130 -40 -84.834919615 130.5 -40.0 1 ok
130 -30 -84.835095969 130.4 -29.9 1 ok
130 -20 -84.835021153 129.8 -20.2 1 ok
130 -10 -84.834385269 128.9 -10.8 1 ok
130 0 -84.833172805 128.0 -1.2 1 ok
130 10 -84.832528730 127.7 9.5 1 ok
130 20 -84.832021259 127.5 19.9 1 ok
130 30 -84.832591698 128.1 30.9 1 ok
130 40 -84.834555915 129.0 41.7 1 ok
130 50 -84.836916406 129.3 51.4 1 ok
130 60 -84.838510368 129.3 60.6 1 ok
130 70 -84.839098997 129.5 70.2 1 ok
130 80 -84.838995555 129.5 79.7 1 ok
130 90 -84.838428164 129.6 89.4 1 ok
130 100 -84.837605457 129.8 99.3 1 ok
130 110 -84.836754185 130.2 109.4 1 ok
130 120 -84.840039722 130.7 120.1 1 ok
130 130 -84.840289611 130.5 130.1 1 ok
130 140 -84.840288452 129.9 139.9 1 ok
130 150 -84.840120526 129.4 149.8 1 ok
130 160 -84.839746192 128.8 159.6 1 ok
130 170 -84.839249002 128.5 169.5 1 ok
130 -180 -84.838590284 128.2 179.3 1 ok
130 -170 -84.837501237 128.2 -170.8 0 ring
130 -160 -84.836133944 128.0 -161.1 0 ring
130 -150 -84.834668601 128.3 -150.5 0 ring
130 -140 -84.844064514 128.3 -140.1 1 ok
130 -130 -84.844072591 128.6 -130.0 1 ok
140 -120 -84.841231075 139.3 -119.2 1 ok
140 -110 -84.842069062 140.0 -109.8 1 ok
140 -100 -84.841693224 139.8 -100.9 1 ok
140 -90 -84.840127084 140.0 -91.5 1 ok
140 -80 -84.838360547 140.8 -80.6 1 ok
140 -70 -84.837550083 140.6 -70.6 1 ok
140 -60 -84.836529242 140.5 -60.6 1 ok
140 -50 -84.835801736 140.5 -50.4 1 ok
140 -40 -84.835420735 140.4 -40.3 1 ok
140 -30 -84.834783204 139.7 -30.7 1 ok
140 -20 -84.833570868 138.6 -21.2 1 ok
140 -10 -84.831697689 137.4 -11.9 1 ok
140 0 -84.829683179 137.1 -1.4 1 ok
140 10 -84.828116530 136.6 9.0 1 ok
140 20 -84.827287020 137.1 20.2 1 ok
140 30 -84.828982507 138.8 32.0 1 ok
140 40 -84.832277651 139.2 42.1 1 ok
140 50 -84.835099997 139.1 51.6 1 ok
140 60 -84.837135032 139.2 61.1 1 ok
140 70 -84.838351829 139.1 70.5 1 ok
140 80 -84.839008188 139.3 80.1 1 ok
140 90 -84.839525392 139.8 90.2 1 ok
140 100 -84.840259071 140.5 100.5 1 ok
140 110 -84.840893363 140.6 110.2 1 ok
140 120 -84.840977149 140.4 119.9 1 ok
140 130 -84.840516103 139.8 129.5 1 ok
140 140 -84.839673593 139.1 139.3 1 ok
140 150 -84.838660652 138.5 149.2 1 ok
140 160 -84.837595692 138.1 159.3 1 ok
140 170 -84.836638358 137.8 169.4 1 ok
140 -180 -84.835659279 137.6 179.2 1 ok
140 -170 -84.834401717 137.5 -171.0 0 ring
140 -160 -84.832920136 137.6 -161.0 0 ring
140 -150 -84.841528849 137.8 -150.1 1 ok
140 -140 -84.841554113 138.3 -139.9 1 ok
140 -130 -84.842194730 138.9 -129.3 1 ok
150 -120 -84.841735544 150.9 -118.7 1 ok
150 -110 -84.842891142 150.4 -109.6 1 ok
150 -100 -84.843061687 150.2 -100.3 1 ok
150 -90 -84.842180558 150.0 -91.1 1 ok
150 -80 -84.840367468 150.0 -81.5 1 ok
150 -70 -84.838008318 150.2 -71.6 1 ok
150 -60 -84.836137683 150.6 -61.0 1 ok
150 -50 -84.838939912 150.5 -50.4 1 ok
150 -40 -84.837841545 149.7 -41.2 1 ok
150 -30 -84.835868810 148.5 -31.9 1 ok
150 -20 -84.833091303 147.2 -22.6 1 ok
150 -10 -84.829591567 146.0 -13.0 1 ok
150 0 -84.827460002 146.5 -1.5 1 ok
150 10 -84.825876505 147.7 10.2 0 ring
150 20 -84.828038845 149.0 21.7 0 ring
150 30 -84.830979584 148.9 31.9 0 ring
150 40 -84.834014046 148.7 41.8 1 ok
150 50 -84.836264987 148.3 51.2 1 ok
150 60 -84.837801899 148.2 60.8 1 ok
150 70 -84.838925771 148.4 70.7 1 ok
150 80 -84.840308658 149.6 81.2 1 ok
150 90 -84.842200951 150.2 91.1 1 ok
150 100 -84.843784857 150.4 100.7 1 ok
150 110 -84.844447875 150.1 110.1 1 ok
150 120 -84.844114155 149.4 119.4 1 ok
150 130 -84.843003159 148.7 129.0 1 ok
150 140 -84.841548764 148.1 139.0 1 ok
150 150 -84.840354379 147.8 149.4 1 ok
150 160 -84.839711818 147.8 159.8 1 ok
150 170 -84.839533534 147.6 169.8 1 ok
150 -180 -84.839149539 147.3 179.5 1 ok
150 -170 -84.838247623 147.2 -170.8 0 ring
150 -160 -84.837028215 147.1 -160.9 0 ring
150 -150 -84.835650511 147.4 -150.7 0 ring
150 -140 -84.834506577 147.8 -140.4 0 ring
150 -130 -84.839412924 150.8 -128.1 1 ok
160 -120 -84.842569816 160.4 -118.9 1 ok
160 -110 -84.843449060 160.1 -109.8 1 ok
160 -100 -84.843325430 159.9 -100.5 1 ok
160 -90 -84.842264419 159.9 -91.2 1 ok
160 -80 -84.840437249 160.1 -81.4 1 ok
160 -70 -84.838397771 160.4 -71.2 1 ok
160 -60 -84.836928962 160.5 -60.9 1 ok
160 -50 -84.837873065 159.6 -51.1 0 ring
160 -40 -84.835915009 158.6 -41.9 0 ring
160 -30 -84.833063986 157.6 -32.5 1 ok
160 -20 -84.829497793 156.6 -22.9 1 ok
160 -10 -84.825275690 156.3 -12.3 1 ok
160 0 -84.834971884 157.9 -1.5 0 ring
160 10 -84.832759834 157.2 8.2 0 ring
160 20 -84.830588490 157.2 18.7 0 ring
160 30 -84.829110023 157.5 29.4 0 ring
160 40 -84.828663984 157.8 40.1 0 ring
160 50 -84.828967667 158.0 50.3 0 ring
160 60 -84.829867791 158.7 60.7 0 ring
160 70 -84.830422501 158.3 69.9 0 ring
160 80 -84.829932984 158.0 79.2 0 ring
160 90 -84.839416211 159.9 90.8 0 ring
160 100 -84.839983743 159.5 99.9 0 ring
160 110 -84.839408943 158.9 109.0 0 ring
160 120 -84.837779226 158.3 118.5 0 ring
160 130 -84.835817569 157.9 128.7 0 ring
160 140 -84.834214793 157.9 139.2 0 ring
160 150 -84.833277441 157.7 149.4 0 ring
160 160 -84.832482493 157.3 159.2 0 ring
160 170 -84.831358295 156.8 168.9 0 ring
160 -180 -84.837205520 158.1 -179.4 0 ring
160 -170 -84.838076281 158.0 -169.6 0 ring
160 -160 -84.838851644 158.1 -159.5 0 ring
160 -150 -84.839677244 158.5 -149.3 0 ring
160 -140 -84.840928424 159.0 -139.1 0 ring
160 -130 -84.842440125 159.4 -129.1 0 ring
170 -120 -84.842494015 169.9 -119.0 1 ok
170 -110 -84.843239348 169.5 -109.9 1 ok
170 -100 -84.843097987 169.6 -100.5 1 ok
170 -90 -84.842117146 169.9 -90.9 1 ok
170 -80 -84.840578746 170.1 -81.2 1 ok
170 -70 -84.838943591 170.3 -71.1 1 ok
170 -60 -84.838732599 169.5 -61.0 0 ring
170 -50 -84.836839102 168.5 -52.0 0 ring
170 -40 -84.833790061 167.5 -42.9 0 ring
170 -30 -84.829797235 166.4 -33.6 1 ok
170 -20 -84.824713792 165.6 -23.7 1 ok
170 -10 -84.834415040 167.5 -12.0 0 ring
170 0 -84.831573445 166.9 -2.2 0 ring
170 10 -84.828634625 167.0 8.2 0 ring
170 20 -84.826409857 167.5 19.0 0 ring
170 30 -84.825457551 168.1 29.9 0 ring
170 40 -84.825733450 168.3 40.4 0 ring
170 50 -84.826751641 168.6 50.7 0 ring
170 60 -84.827551445 168.0 60.1 0 ring
170 70 -84.827577603 167.7 69.7 0 ring
170 80 -84.837348450 169.5 81.4 0 ring
170 90 -84.838796812 169.2 90.5 0 ring
170 100 -84.838839001 168.4 99.3 0 ring
170 110 -84.837425131 167.8 108.4 0 ring
170 120 -84.835015173 167.4 118.2 0 ring
170 130 -84.832565964 167.5 128.7 0 ring
170 140 -84.830968119 167.6 139.2 0 ring
170 150 -84.831197330 167.8 149.7 0 ring
170 160 -84.832369245 168.2 160.6 0 ring
170 170 -84.833486166 168.0 170.5 0 ring
170 -180 -84.834355359 167.8 -179.6 0 ring
170 -170 -84.835137265 167.7 -169.5 0 ring
170 -160 -84.836020007 168.2 -159.1 0 ring
170 -150 -84.837683128 168.9 -148.8 0 ring
170 -140 -84.839682868 169.2 -138.9 0 ring
170 -130 -84.842223624 169.9 -128.5 0 ring
-180 -120 -84.841476689 179.3 -119.0 1 ok
-180 -110 -84.842394719 179.2 -109.7 1 ok
-180 -100 -84.842518755 179.5 -100.3 1 ok
-180 -90 -84.841846604 179.8 -90.7 1 ok
-180 -80 -84.840654706 180.0 -80.9 1 ok
-180 -70 -84.839369417 179.7 -70.8 0 ring
-180 -60 -84.837644249 178.6 -61.9 0 ring
-180 -50 -84.834706544 177.4 -53.0 1 ok
-180 -40 -84.830462870 176.3 -44.0 1 ok
-180 -30 -84.824744801 175.5 -34.3 1 ok
-180 -20 -84.833821924 177.3 -22.2 0 ring
-180 -10 -84.830541990 176.8 -12.5 0 ring
-180 0 -84.827111307 177.0 -2.1 0 ring
-180 10 -84.824355735 177.5 8.7 0 ring
-180 20 -84.822960535 178.3 19.7 0 ring
-180 30 -84.822988187 178.5 30.1 0 ring
-180 40 -84.823638261 178.5 40.5 0 ring
-180 50 -84.824220235 177.7 49.9 0 ring
-180 60 -84.824175473 177.4 59.9 0 ring
-180 70 -84.834030632 179.2 71.9 0 ring
-180 80 -84.836263863 178.9 81.1 0 ring
-180 90 -84.837018222 178.0 89.7 0 ring
-180 100 -84.836207127 177.2 98.6 0 ring
-180 110 -84.833914173 176.8 108.0 0 ring
-180 120 -84.831038041 176.9 118.2 0 ring
-180 130 -84.828785167 177.5 129.0 0 ring
-180 140 -84.828681421 177.8 139.3 0 ring
-180 150 -84.828940323 178.6 150.6 0 ring
-180 160 -84.829876581 178.2 160.4 0 ring
-180 170 -84.830551861 177.8 170.2 0 ring
-180 -180 -84.831110001 177.5 -179.8 0 ring
-180 -170 -84.831801006 178.0 -169.1 0 ring
-180 -160 -84.833807028 178.8 -158.5 0 ring
-180 -150 -84.836388079 179.2 -148.5 0 ring
-180 -140 -84.840421854 179.9 -138.1 0 ring
-180 -130 -84.842477261 179.4 -129.1 0 ring
-170 -120 -84.840225781 -170.5 -118.7 1 ok
-170 -110 -84.841483058 -170.7 -109.5 1 ok
-170 -100 -84.841940984 -170.4 -100.0 1 ok
-170 -90 -84.841567484 -170.3 -90.6 1 ok
-170 -80 -84.840322622 -170.6 -81.3 1 ok
-170 -70 -84.838371485 -171.3 -71.9 1 ok
-170 -60 -84.835471468 -172.5 -63.0 1 ok
-170 -50 -84.831216147 -173.7 -54.1 1 ok
-170 -40 -84.825426753 -174.7 -44.9 1 ok
-170 -30 -84.833223088 -172.9 -32.4 0 ring
-170 -20 -84.829586487 -173.1 -22.5 0 ring
-170 -10 -84.825893446 -172.9 -12.2 0 ring
-170 0 -84.822846476 -172.2 -1.4 0 ring
-170 10 -84.821124553 -171.5 9.5 0 ring
-170 20 -84.820752554 -171.4 19.9 0 ring
-170 30 -84.820857141 -171.7 30.0 0 ring
-170 40 -84.820948403 -172.6 39.6 0 ring
-170 50 -84.820395152 -173.0 49.6 0 ring
-170 60 -84.826776705 -171.5 61.8 0 ring
-170 70 -84.829456652 -171.7 71.5 0 ring
-170 80 -84.831140019 -172.2 80.6 0 ring
-170 90 -84.831404622 -172.8 89.5 0 ring
-170 100 -84.830717954 -172.7 99.0 0 ring
-170 110 -84.829123497 -172.5 108.8 0 ring
-170 120 -84.827333544 -172.4 118.7 0 ring
-170 130 -84.825604455 -172.0 129.2 0 ring
-170 140 -84.824534560 -172.3 139.1 0 ring
-170 150 -84.823383802 -172.6 149.2 0 ring
-170 160 -84.822435183 -172.8 159.3 0 ring
-170 170 -84.822291946 -172.3 170.2 0 ring
-170 -180 -84.824574426 -171.8 -179.5 0 ring
-170 -170 -84.828910280 -172.0 -168.6 0 ring
-170 -160 -84.832371278 -170.8 -157.9 0 ring
-170 -150 -84.834803442 -171.2 -148.9 0 ring
-170 -140 -84.835842740 -171.8 -139.9 0 ring
-170 -130 -84.835926351 -171.6 -129.9 0 ring
-160 -120 -84.839621574 -159.8 -118.5 1 ok
-160 -110 -84.841088901 -160.1 -109.3 1 ok
-160 -100 -84.841617655 -160.3 -100.0 1 ok
-160 -90 -84.841000805 -160.8 -91.1 1 ok
-160 -80 -84.839080766 -161.3 -81.9 1 ok
-160 -70 -84.836194521 -162.4 -73.0 1 ok
-160 -60 -84.831993727 -163.7 -64.2 1 ok
-160 -50 -84.826322285 -164.8 -55.2 0 drift -5/-5
-160 -40 -84.817756463 -164.3 -44.5 1 ok
-160 -30 -84.828615011 -162.7 -32.4 0 ring
-160 -20 -84.824998436 -162.5 -22.2 0 ring
-160 -10 -84.821872845 -161.8 -11.4 0 ring
-160 0 -84.819969152 -161.5 -0.9 0 ring
-160 10 -84.819015741 -161.4 9.5 0 ring
-160 20 -84.818516797 -161.8 19.6 0 ring
-160 30 -84.818035883 -162.7 29.1 0 ring
-160 40 -84.816836074 -163.1 39.1 0 ring
-160 50 -84.825098399 -160.8 52.2 0 ring
-160 60 -84.828098720 -161.3 61.7 0 ring
-160 70 -84.829947463 -162.3 70.6 0 ring
-160 80 -84.830315970 -163.2 79.4 0 ring
-160 90 -84.829049502 -163.7 88.4 0 ring
-160 100 -84.826373649 -163.1 98.6 0 ring
-160 110 -84.824493050 -161.8 109.3 0 ring
-160 120 -84.825158801 -161.3 119.4 0 ring
-160 130 -84.824437366 -161.6 129.1 0 ring
-160 140 -84.824447833 -161.5 139.8 0 ring
-160 150 -84.824191400 -162.0 149.6 0 ring
-160 160 -84.823644149 -162.5 159.6 0 ring
-160 170 -84.823406303 -161.7 170.6 0 ring
-160 -180 -84.825981211 -160.3 -178.0 0 ring
-160 -170 -84.829296499 -160.3 -168.0 0 ring
-160 -160 -84.831961031 -160.7 -158.6 0 ring
-160 -150 -84.836766289 -160.5 -148.4 0 ring
-160 -140 -84.838592677 -161.1 -139.1 0 ring
-160 -130 -84.839875133 -161.2 -129.3 0 ring
-150 -120 -84.839821186 -149.7 -118.7 1 ok
-150 -110 -84.841052968 -150.1 -109.5 1 ok
-150 -100 -84.841042596 -150.8 -100.6 1 ok
-150 -90 -84.839609424 -151.5 -91.7 1 ok
-150 -80 -84.836825887 -152.4 -82.9 1 ok
-150 -70 -84.832738665 -153.6 -74.1 1 ok
-150 -60 -84.827124906 -154.7 -65.2 0 drift -5/-5
-150 -50 -84.818012509 -153.7 -54.4 1 ok
-150 -40 -84.827978970 -152.4 -42.3 0 ring
-150 -30 -84.824515683 -152.1 -32.1 0 ring
-150 -20 -84.821511579 -151.5 -21.5 0 ring
-150 -10 -84.819363795 -151.3 -11.2 0 ring
-150 0 -84.817901686 -151.5 -0.9 0 ring
-150 10 -84.816732072 -151.9 9.2 0 ring
-150 20 -84.815589807 -152.7 18.7 0 ring
-150 30 -84.813747416 -152.9 28.8 0 ring
-150 40 -84.812706872 -151.3 41.1 0 ring
-150 50 -84.820149846 -150.8 51.9 0 ring
-150 60 -84.822797583 -150.8 61.6 0 ring
-150 70 -84.825355106 -150.6 71.1 0 ring
-150 80 -84.826306457 -151.2 80.0 0 ring
-150 90 -84.825883216 -151.5 89.3 0 ring
-150 100 -84.824738238 -151.5 99.0 0 ring
-150 110 -84.823182589 -151.7 108.8 0 ring
-150 120 -84.821479110 -151.9 118.6 0 ring
-150 130 -84.819613182 -152.4 128.4 0 ring
-150 140 -84.817342759 -152.6 138.6 0 ring
-150 150 -84.815556356 -152.3 149.2 0 ring
-150 160 -84.818609520 -152.0 159.6 0 ring
-150 170 -84.818004402 -152.7 169.5 0 ring
-150 -180 -84.823399519 -149.9 -177.1 0 ring
-150 -170 -84.826549786 -151.1 -168.4 0 ring
-150 -160 -84.828411493 -151.6 -159.1 0 ring
-150 -150 -84.829742190 -150.9 -148.9 0 ring
-150 -140 -84.831790936 -150.0 -138.6 0 ring
-150 -130 -84.833778352 -149.9 -128.9 0 ring
-140 -120 -84.840144258 -139.8 -119.1 1 ok
-140 -110 -84.840654986 -140.6 -110.2 1 ok
-140 -100 -84.839715511 -141.5 -101.4 1 ok
-140 -90 -84.837266527 -142.4 -92.7 1 ok
-140 -80 -84.833385754 -143.5 -84.0 1 ok
-140 -70 -84.827829993 -144.4 -75.1 0 drift -4/-5
-140 -60 -84.819243162 -143.5 -64.6 1 ok
-140 -50 -84.827693438 -141.8 -52.0 0 ring
-140 -40 -84.824626249 -141.6 -42.0 0 ring
-140 -30 -84.821806773 -141.2 -31.6 0 ring
-140 -20 -84.819428345 -141.2 -21.5 0 ring
-140 -10 -84.817409846 -141.4 -11.3 0 ring
-140 0 -84.815572415 -141.8 -1.3 0 ring
-140 10 -84.813764721 -142.6 8.4 0 ring
-140 20 -84.811435226 -142.6 18.6 0 ring
-140 30 -84.809674013 -141.2 30.2 0 ring
-140 40 -84.816652501 -139.8 42.2 0 ring
-140 50 -84.819927902 -139.7 52.0 0 ring
-140 60 -84.823065777 -140.0 61.4 0 ring
-140 70 -84.824434205 -140.8 70.4 0 ring
-140 80 -84.824506720 -141.1 79.7 0 ring
-140 90 -84.823822568 -141.4 89.2 0 ring
-140 100 -84.822538200 -141.5 98.8 0 ring
-140 110 -84.820826076 -141.8 108.6 0 ring
-140 120 -84.818651178 -142.3 118.2 0 ring
-140 130 -84.816041420 -142.4 128.2 0 ring
-140 140 -84.816820933 -140.9 139.9 0 ring
-140 150 -84.816558308 -142.1 149.1 0 ring
-140 160 -84.815397221 -142.9 158.7 0 ring
-140 170 -84.815389541 -140.4 171.8 0 ring
-140 -180 -84.817684748 -141.0 -178.7 0 ring
-140 -170 -84.819377441 -141.0 -168.7 0 ring
-140 -160 -84.821639514 -140.0 -158.2 0 ring
-140 -150 -84.825367577 -139.5 -147.9 0 ring
-140 -140 -84.828038679 -139.6 -138.5 0 ring
-140 -130 -84.829692074 -140.0 -129.2 0 ring
-130 -120 -84.839802769 -130.6 -119.9 1 ok
-130 -110 -84.839320383 -131.4 -111.1 1 ok
-130 -100 -84.837312951 -132.3 -102.4 1 ok
-130 -90 -84.833788009 -133.3 -93.7 1 ok
-130 -80 -84.828521952 -134.0 -84.8 1 ok
-130 -70 -84.820573281 -132.9 -74.3 1 ok
-130 -60 -84.827956496 -131.1 -61.6 0 ring
-130 -50 -84.825385246 -131.1 -51.9 0 ring
-130 -40 -84.822755653 -130.9 -41.7 0 ring
-130 -30 -84.820193827 -131.0 -31.7 0 ring
-130 -20 -84.817620876 -131.3 -21.7 0 ring
-130 -10 -84.815150863 -131.7 -11.7 0 ring
-130 0 -84.812706735 -132.2 -1.8 0 ring
-130 10 -84.810001784 -132.1 8.4 0 ring
-130 20 -84.808108105 -130.8 19.8 0 ring
-130 30 -84.814142449 -129.3 32.1 0 ring
-130 40 -84.818119031 -128.9 42.4 0 ring
-130 50 -84.821097467 -129.6 51.6 0 ring
-130 60 -84.822667479 -130.5 60.6 0 ring
-130 70 -84.823154042 -130.9 70.0 0 ring
-130 80 -84.822838314 -131.1 79.5 0 ring
-130 90 -84.821889578 -131.3 89.1 0 ring
-130 100 -84.820387799 -131.6 98.6 0 ring
-130 110 -84.818270171 -132.1 108.0 0 ring
-130 120 -84.815829861 -130.3 119.4 0 ring
-130 130 -84.815995258 -130.6 129.6 0 ring
-130 140 -84.815176347 -132.0 138.7 0 ring
-130 150 -84.813393592 -132.9 148.2 0 ring
-130 160 -84.812427972 -130.2 161.4 0 ring
-130 170 -84.814445379 -130.5 171.2 0 ring
-130 -180 -84.822175111 -129.0 -178.0 0 ring
-130 -170 -84.825143019 -129.0 -168.1 0 ring
-130 -160 -84.828235160 -129.0 -158.1 0 ring
-130 -150 -84.830901721 -129.4 -148.5 0 ring
-130 -140 -84.832750621 -129.9 -139.1 0 ring
-130 -130 -84.833664383 -130.5 -129.8 0 ring
-120 -120 -84.829014036 -120.1 -119.5 1 ok
-120 -110 -84.828944874 -120.8 -110.8 1 ok
-120 -100 -84.827286111 -121.7 -102.1 1 ok
-120 -90 -84.824016926 -122.3 -93.2 1 ok
-120 -80 -84.819310278 -120.7 -82.5 1 ok
-120 -70 -84.815949359 -120.1 -72.1 1 ok
-120 -60 -84.813395454 -120.2 -61.8 1 ok
-120 -50 -84.811691586 -120.7 -51.5 1 ok
-120 -40 -84.809486547 -121.5 -41.8 1 ok
-120 -30 -84.806758231 -121.9 -31.8 1 ok
-120 -20 -84.804065772 -121.4 -21.3 1 ok
-120 -10 -84.810524792 -118.7 -8.6 1 ok
-120 0 -84.812729732 -119.2 1.5 1 ok
-120 10 -84.815146221 -119.5 11.6 1 ok
-120 20 -84.817530445 -119.7 21.6 1 ok
-120 30 -84.819777079 -119.7 31.4 0 ring
-120 40 -84.821124093 -120.4 40.4 0 ring
-120 50 -84.821177584 -121.1 49.6 0 ring
-120 60 -84.821254822 -119.4 60.6 1 ok
-120 70 -84.824809406 -117.6 72.2 1 ok
-120 80 -84.826725830 -118.6 81.0 1 ok
-120 90 -84.827018483 -119.8 89.6 1 ok
-120 100 -84.825679849 -121.0 98.2 1 ok
-120 110 -84.822705564 -122.1 107.0 1 ok
-120 120 -84.818006394 -121.9 117.5 1 ok
-120 130 -84.815260630 -119.6 129.9 1 ok
-120 140 -84.816018995 -119.2 140.7 1 ok
-120 150 -84.817071418 -119.6 150.6 1 ok
-120 160 -84.818099927 -120.2 160.4 1 ok
-120 170 -84.818981089 -120.4 170.5 0 ring
-120 -180 -84.820867907 -119.6 -178.9 0 ring
-120 -170 -84.822572349 -119.5 -168.8 0 ring
-120 -160 -84.825078633 -119.1 -158.3 1 ok
-120 -150 -84.827842579 -119.0 -148.3 1 ok
-120 -140 -84.830213643 -119.4 -138.6 1 ok
-120 -130 -84.831734585 -120.1 -129.4 1 ok
-110 -120 -84.829045905 -109.7 -120.1 1 ok
-110 -110 -84.828007400 -110.6 -111.5 1 ok
-110 -100 -84.825473338 -111.0 -102.4 1 ok
-110 -90 -84.822125193 -110.0 -92.1 1 ok
-110 -80 -84.819083963 -109.9 -82.1 1 ok
-110 -70 -84.816059192 -110.4 -72.4 1 ok
-110 -60 -84.813105340 -110.7 -62.1 1 ok
-110 -50 -84.810367277 -111.3 -52.2 1 ok
-110 -40 -84.807235719 -111.6 -42.1 1 ok
-110 -30 -84.804250202 -110.7 -31.3 0 ring
-110 -20 -84.810560949 -108.7 -19.1 0 ring
-110 -10 -84.812054603 -109.1 -8.9 1 ok
-110 0 -84.813812932 -109.3 1.3 1 ok
-110 10 -84.816079998 -109.2 11.5 0 ring
-110 20 -84.818584947 -109.1 21.5 0 ring
-110 30 -84.820083439 -109.8 30.7 0 ring
-110 40 -84.820543128 -110.1 40.0 0 ring
-110 50 -84.821555507 -108.7 51.2 1 ok
-110 60 -84.825274636 -107.4 62.4 1 ok
-110 70 -84.827520222 -108.2 71.2 1 ok
-110 80 -84.828022929 -109.5 79.8 1 ok
-110 90 -84.826870137 -110.8 88.3 1 ok
-110 100 -84.824011876 -111.7 97.1 1 ok
-110 110 -84.819252084 -111.3 107.5 1 ok
-110 120 -84.816500027 -109.3 119.6 1 ok
-110 130 -84.816750696 -108.9 130.3 1 ok
-110 140 -84.817173423 -109.5 140.2 1 ok
-110 150 -84.817597443 -109.9 150.2 0 ring
-110 160 -84.818064413 -110.1 160.3 0 ring
-110 170 -84.820274631 -109.0 171.2 0 ring
-110 -180 -84.821815286 -109.2 -178.9 0 ring
-110 -170 -84.824069390 -109.0 -168.5 0 ring
-110 -160 -84.826610291 -109.0 -158.4 1 ok
-110 -150 -84.828978601 -109.3 -148.6 0 ring
-110 -140 -84.830509606 -110.0 -139.3 1 ok
-110 -130 -84.830966503 -110.8 -130.2 1 ok
-100 -120 -84.829349968 -99.6 -120.7 1 ok
-100 -110 -84.827760592 -99.8 -111.5 1 ok
-100 -100 -84.825419195 -99.6 -101.8 1 ok
-100 -90 -84.822644006 -99.7 -92.2 1 ok
-100 -80 -84.819224011 -100.3 -82.6 1 ok
-100 -70 -84.815567502 -100.7 -72.7 1 ok
-100 -60 -84.812028860 -101.1 -62.5 1 ok
-100 -50 -84.808476041 -100.9 -52.1 1 ok
-100 -40 -84.805566101 -100.2 -41.3 0 ring
-100 -30 -84.811302439 -98.7 -29.4 0 ring
-100 -20 -84.812043178 -99.2 -19.4 0 ring
-100 -10 -84.813197163 -99.3 -9.1 0 ring
-100 0 -84.815335067 -98.8 1.6 0 ring
-100 10 -84.818121430 -98.6 11.7 0 ring
-100 20 -84.819787626 -99.2 20.8 0 ring
-100 30 -84.820513416 -99.6 30.3 0 ring
-100 40 -84.821866954 -98.6 41.3 0 ring
-100 50 -84.825641211 -97.4 52.5 1 ok
-100 60 -84.828200700 -98.2 61.5 1 ok
-100 70 -84.829065591 -99.3 70.1 1 ok
-100 80 -84.828205413 -100.5 78.6 1 ok
-100 90 -84.825709659 -101.6 87.3 1 ok
-100 100 -84.821237982 -100.8 97.6 1 ok
-100 110 -84.818599861 -99.3 109.2 1 ok
-100 120 -84.818338712 -98.8 119.9 1 ok
-100 130 -84.818114834 -99.4 129.8 1 ok
-100 140 -84.817888530 -99.8 139.8 0 ring
-100 150 -84.817862855 -99.9 150.0 0 ring
-100 160 -84.820310931 -98.5 161.4 0 ring
-100 170 -84.821584437 -99.2 170.6 0 ring
-100 -180 -84.823349446 -99.0 -178.6 0 ring
-100 -170 -84.825540284 -99.2 -168.5 0 ring
-100 -160 -84.827709708 -99.4 -158.7 0 ring
-100 -150 -84.829294926 -100.0 -149.2 0 ring
-100 -140 -84.829928032 -100.6 -140.0 0 ring
-100 -130 -84.829352009 -101.3 -131.0 0 ring
-90 -120 -84.830328547 -89.0 -120.7 1 ok
-90 -110 -84.828750314 -89.3 -111.5 1 ok
-90 -100 -84.826319221 -89.7 -102.1 1 ok
-90 -90 -84.822855294 -90.3 -92.8 1 ok
-90 -80 -84.818663992 -90.7 -83.0 1 ok
-90 -70 -84.814556012 -91.0 -72.9 1 ok
-90 -60 -84.810698465 -90.5 -62.3 1 ok
-90 -50 -84.812472153 -88.4 -49.9 0 ring
-90 -40 -84.812565947 -88.9 -40.0 0 ring
-90 -30 -84.812545667 -89.4 -29.9 0 ring
-90 -20 -84.813095146 -89.2 -19.3 0 ring
-90 -10 -84.815164550 -88.4 -8.4 0 ring
-90 0 -84.818015051 -88.3 1.7 0 ring
-90 10 -84.819923828 -88.8 11.0 0 ring
-90 20 -84.820808289 -89.4 20.3 0 ring
-90 30 -84.822120813 -88.6 31.3 0 ring
-90 40 -84.825627003 -87.6 42.5 1 ok
-90 50 -84.828578478 -88.2 51.7 1 ok
-90 60 -84.829820459 -89.3 60.4 1 ok
-90 70 -84.829383770 -90.5 68.9 1 ok
-90 80 -84.827262172 -91.2 77.7 1 ok
-90 90 -84.823616204 -90.3 88.0 1 ok
-90 100 -84.821376552 -89.0 99.1 1 ok
-90 110 -84.820665677 -88.8 109.6 1 ok
-90 120 -84.819787029 -89.4 119.4 1 ok
-90 130 -84.818872905 -89.9 129.3 0 ring
-90 140 -84.818168516 -89.9 139.6 0 ring
-90 150 -84.820665162 -88.2 151.5 0 ring
-90 160 -84.822233658 -88.8 160.8 0 ring
-90 170 -84.826702209 -87.1 173.0 0 ring
-90 -180 -84.829695706 -87.9 -178.1 0 ring
-90 -170 -84.831406431 -88.7 -169.1 0 ring
-90 -160 -84.831936632 -89.3 -160.0 0 ring
-90 -150 -84.831406313 -89.8 -150.7 0 ring
-90 -140 -84.830164188 -89.7 -140.7 0 ring
-90 -130 -84.834698629 -88.8 -130.5 0 ring
-80 -120 -84.822422110 -79.0 -120.7 1 ok
-80 -110 -84.821006192 -79.2 -111.3 1 ok
-80 -100 -84.818569513 -79.8 -102.1 1 ok
-80 -90 -84.815160095 -80.3 -92.7 1 ok
-80 -80 -84.811223096 -80.4 -82.7 1 ok
-80 -70 -84.807759691 -79.8 -71.8 0 ring
-80 -60 -84.823975092 -79.7 -61.4 0 ring
-80 -50 -84.822201831 -79.7 -51.3 0 ring
-80 -40 -84.820091236 -80.1 -41.7 0 ring
-80 -30 -84.817644795 -80.3 -31.8 0 ring
-80 -20 -84.814824285 -81.1 -22.2 0 ring
-80 -10 -84.811541998 -80.7 -11.7 0 ring
-80 0 -84.809272374 -80.0 -0.9 0 ring
-80 10 -84.822937035 -79.3 11.0 0 ring
-80 20 -84.823570129 -80.4 20.0 0 ring
-80 30 -84.823192677 -80.7 29.4 0 ring
-80 40 -84.824416400 -80.1 40.1 0 ring
-80 50 -84.824207730 -80.4 49.5 0 ring
-80 60 -84.822999992 -80.3 58.9 0 ring
-80 70 -84.829076294 -79.9 67.4 0 ring
-80 80 -84.826656794 -79.8 78.2 0 ring
-80 90 -84.824055047 -79.4 88.4 0 ring
-80 100 -84.823501614 -78.1 100.0 0 ring
-80 110 -84.824086346 -78.0 110.5 0 ring
-80 120 -84.824902884 -78.3 120.7 0 ring
-80 130 -84.825839314 -78.5 130.7 0 ring
-80 140 -84.826833644 -78.8 140.7 0 ring
-80 150 -84.827955663 -79.1 150.8 0 ring
-80 160 -84.829282276 -79.2 161.0 0 ring
-80 170 -84.830816185 -79.3 170.9 0 ring
-80 -180 -84.833017680 -78.7 -178.7 0 ring
-80 -170 -84.834274339 -79.1 -169.5 0 ring
-80 -160 -84.834277452 -79.6 -160.4 0 ring
-80 -150 -84.833139010 -80.2 -151.1 0 ring
-80 -140 -84.831282090 -80.2 -141.3 0 ring
-80 -130 -84.829623874 -80.1 -131.0 0 ring
-70 -120 -84.824105982 -69.2 -121.0 1 ok
-70 -110 -84.822023822 -69.8 -112.0 1 ok
-70 -100 -84.818721272 -70.3 -102.6 1 ok
-70 -90 -84.814703932 -70.3 -92.7 1 ok
-70 -80 -84.811024755 -69.6 -82.0 0 ring
-70 -70 -84.826562592 -69.9 -71.3 0 ring
-70 -60 -84.824563027 -69.6 -61.2 0 ring
-70 -50 -84.822543431 -70.0 -51.6 0 ring
-70 -40 -84.819996178 -70.5 -42.0 0 ring
-70 -30 -84.816826658 -71.2 -32.4 0 ring
-70 -20 -84.813218789 -70.5 -21.8 0 ring
-70 -10 -84.810906164 -69.7 -11.1 0 ring
-70 0 -84.822223197 -69.9 0.7 0 ring
-70 10 -84.822789398 -70.8 10.0 0 ring
-70 20 -84.822616218 -70.9 19.7 0 ring
-70 30 -84.823571919 -70.5 30.3 0 ring
-70 40 -84.823866783 -70.5 39.9 0 ring
-70 50 -84.833442329 -70.3 49.4 0 ring
-70 60 -84.831866241 -70.6 58.2 0 ring
-70 70 -84.828713949 -70.5 67.3 0 ring
-70 80 -84.826774185 -69.6 78.7 0 ring
-70 90 -84.826331843 -68.4 89.6 0 ring
-70 100 -84.826424044 -68.3 100.0 0 ring
-70 110 -84.826573166 -68.5 110.2 0 ring
-70 120 -84.826974846 -68.8 120.3 0 ring
-70 130 -84.827488533 -69.1 130.4 0 ring
-70 140 -84.828074569 -69.5 140.4 0 ring
-70 150 -84.828824048 -69.7 150.6 0 ring
-70 160 -84.829965618 -69.9 160.8 0 ring
-70 170 -84.832449128 -69.2 171.6 0 ring
-70 -180 -84.834205097 -69.7 -179.1 0 ring
-70 -170 -84.834799534 -70.2 -170.1 0 ring
-70 -160 -84.834176382 -70.6 -161.0 0 ring
-70 -150 -84.832486296 -70.8 -151.3 0 ring
-70 -140 -84.830748460 -70.3 -140.8 0 ring
-70 -130 -84.829677346 -70.0 -130.7 0 ring
-60 -120 -84.824950082 -59.9 -121.6 1 ok
-60 -110 -84.822087300 -60.3 -112.5 1 ok
-60 -100 -84.818195837 -60.4 -102.7 1 ok
-60 -90 -84.814552288 -59.6 -92.0 0 ring
-60 -80 -84.811840233 -59.2 -81.6 0 ring
-60 -70 -84.811187088 -59.0 -70.8 0 ring
-60 -60 -84.815133625 -56.8 -59.0 0 ring
-60 -50 -84.816367749 -57.2 -49.2 0 ring
-60 -40 -84.817887042 -57.6 -39.0 0 ring
-60 -30 -84.819250940 -58.3 -29.0 0 ring
-60 -20 -84.820453028 -59.3 -19.3 0 ring
-60 -10 -84.821254680 -60.2 -9.7 0 ring
-60 0 -84.821456464 -60.9 -0.1 0 ring
-60 10 -84.822002412 -60.3 10.7 0 ring
-60 20 -84.822975789 -60.6 20.5 0 ring
-60 30 -84.823741989 -60.6 30.4 0 ring
-60 40 -84.832290445 -60.4 40.4 0 ring
-60 50 -84.832448237 -60.4 49.7 0 ring
-60 60 -84.831598167 -60.3 59.0 0 ring
-60 70 -84.829704056 -60.2 68.2 0 ring
-60 80 -84.829502009 -59.7 77.7 0 ring
-60 90 -84.826361070 -59.2 88.4 0 ring
-60 100 -84.825456457 -59.0 98.9 0 ring
-60 110 -84.823717456 -59.4 108.8 0 ring
-60 120 -84.822200585 -59.6 119.0 0 ring
-60 130 -84.821155692 -59.8 129.3 0 ring
-60 140 -84.820642976 -59.8 139.8 0 ring
-60 150 -84.822434912 -58.9 151.7 0 ring
-60 160 -84.824652827 -59.6 161.3 0 ring
-60 170 -84.826189307 -60.3 170.8 0 ring
-60 -180 -84.826920638 -60.9 -179.9 0 ring
-60 -170 -84.826645606 -61.5 -170.7 0 ring
-60 -160 -84.825408993 -61.3 -160.7 0 ring
-60 -150 -84.825840068 -59.7 -149.3 0 ring
-60 -140 -84.827011881 -59.4 -139.5 0 ring
-60 -130 -84.830374289 -60.2 -130.5 0 ring
-50 -120 -84.824806005 -50.5 -122.1 1 ok
-50 -110 -84.821410570 -50.6 -112.5 1 ok
-50 -100 -84.817924104 -49.7 -101.9 0 ring
-50 -90 -84.815316537 -49.3 -91.6 0 ring
-50 -80 -84.813700770 -49.0 -80.7 0 ring
-50 -70 -84.817883483 -47.5 -69.3 0 ring
-50 -60 -84.818757473 -47.8 -59.5 0 ring
-50 -50 -84.819587901 -48.3 -49.6 0 ring
-50 -40 -84.820007420 -49.0 -39.7 0 ring
-50 -30 -84.820271457 -49.9 -30.0 0 ring
-50 -20 -84.820314104 -50.7 -20.1 0 ring
-50 -10 -84.820136088 -51.3 -10.3 0 ring
-50 0 -84.820255318 -50.8 0.4 0 ring
-50 10 -84.821056550 -51.1 10.4 0 ring
-50 20 -84.821895006 -50.9 20.6 0 ring
-50 30 -84.830434047 -50.6 31.0 0 ring
-50 40 -84.831467680 -50.8 40.4 0 ring
-50 50 -84.831714531 -50.7 49.8 0 ring
-50 60 -84.831020113 -50.7 59.1 0 ring
-50 70 -84.832421197 -50.0 68.5 0 ring
-50 80 -84.829495797 -49.7 78.5 0 ring
-50 90 -84.828376470 -49.2 89.0 0 ring
-50 100 -84.826588269 -49.5 98.6 0 ring
-50 110 -84.824499128 -49.9 108.4 0 ring
-50 120 -84.822666875 -50.1 118.8 0 ring
-50 130 -84.821264464 -50.3 129.2 0 ring
-50 140 -84.821298373 -49.6 140.8 0 ring
-50 150 -84.822992788 -50.0 151.0 0 ring
-50 160 -84.824269973 -50.7 160.6 0 ring
-50 170 -84.824974752 -51.4 170.1 0 ring
-50 -180 -84.824908167 -51.9 179.5 0 ring
-50 -170 -84.824038156 -51.9 -170.6 0 ring
-50 -160 -84.824635110 -50.0 -158.9 0 ring
-50 -150 -84.826511351 -49.5 -149.0 0 ring
-50 -140 -84.827772349 -49.5 -139.6 0 ring
-50 -130 -84.827797328 -50.0 -130.5 0 ring
-40 -120 -84.823885756 -40.8 -122.2 0 ring
-40 -110 -84.820814014 -40.0 -111.7 0 ring
-40 -100 -84.818498003 -39.6 -101.5 0 ring
-40 -90 -84.816074370 -39.7 -91.7 0 ring
-40 -80 -84.819978013 -38.1 -79.3 0 ring
-40 -70 -84.820829247 -38.4 -69.6 0 ring
-40 -60 -84.821063819 -38.8 -60.0 0 ring
-40 -50 -84.820669768 -39.4 -50.4 0 ring
-40 -40 -84.819704269 -40.2 -40.8 0 ring
-40 -30 -84.818266194 -41.1 -31.2 0 ring
-40 -20 -84.817694469 -41.3 -20.4 0 ring
-40 -10 -84.818175972 -41.2 -9.8 0 ring
-40 0 -84.818695272 -41.4 0.3 0 ring
-40 10 -84.825532259 -40.7 11.4 0 ring
-40 20 -84.827610228 -40.8 21.2 0 ring
-40 30 -84.829220802 -41.0 30.9 0 ring
-40 40 -84.830351390 -40.9 40.5 0 ring
-40 50 -84.830627722 -40.9 49.8 0 ring
-40 60 -84.833862558 -40.2 59.2 0 ring
-40 70 -84.832005642 -40.9 67.9 0 ring
-40 80 -84.830596613 -39.5 79.3 0 ring
-40 90 -84.829191430 -39.7 88.7 0 ring
-40 100 -84.827042848 -40.1 98.2 0 ring
-40 110 -84.824523867 -40.4 108.2 0 ring
-40 120 -84.822338384 -40.6 118.6 0 ring
-40 130 -84.820867577 -40.4 129.6 0 ring
-40 140 -84.821443526 -40.3 140.5 0 ring
-40 150 -84.822160010 -41.1 150.3 0 ring
-40 160 -84.822471720 -41.7 159.9 0 ring
-40 170 -84.822301827 -42.3 169.6 0 ring
-40 -180 -84.821604863 -42.3 179.5 0 ring
-40 -170 -84.822610713 -40.1 -168.6 0 ring
-40 -160 -84.825180701 -39.5 -158.4 0 ring
-40 -150 -84.827272287 -39.6 -149.0 0 ring
-40 -140 -84.828138163 -40.0 -139.9 0 ring
-40 -130 -84.827442309 -40.7 -131.2 0 ring
-30 -120 -84.822972036 -30.3 -121.5 0 ring
-30 -110 -84.821011863 -29.9 -111.3 0 ring
-30 -100 -84.818938214 -30.1 -101.7 0 ring
-30 -90 -84.816770101 -29.4 -90.6 0 ring
-30 -80 -84.822259990 -28.6 -79.3 0 ring
-30 -70 -84.822649392 -29.2 -70.1 0 ring
-30 -60 -84.822138291 -29.8 -60.6 0 ring
-30 -50 -84.820802392 -30.7 -51.2 0 ring
-30 -40 -84.818712787 -31.6 -41.8 0 ring
-30 -30 -84.816130321 -32.2 -31.8 0 ring
-30 -20 -84.816068011 -31.4 -20.2 0 ring
-30 -10 -84.816151342 -31.6 -9.9 0 ring
-30 0 -84.822316482 -30.8 1.2 0 ring
-30 10 -84.824352300 -30.8 11.3 0 ring
-30 20 -84.826314436 -30.9 21.2 0 ring
-30 30 -84.827997161 -30.9 30.9 0 ring
-30 40 -84.828991419 -31.0 40.4 0 ring
-30 50 -84.834025952 -30.3 49.9 0 ring
-30 60 -84.833111813 -31.1 58.5 0 ring
-30 70 -84.831244016 -30.2 69.1 0 ring
-30 80 -84.831051833 -29.8 79.2 0 ring
-30 90 -84.829367038 -30.3 88.3 0 ring
-30 100 -84.826697378 -30.7 97.8 0 ring
-30 110 -84.823821334 -30.8 108.1 0 ring
-30 120 -84.821352447 -30.8 118.7 0 ring
-30 130 -84.820367891 -30.6 129.8 0 ring
-30 140 -84.820298186 -31.2 139.8 0 ring
-30 150 -84.820020745 -31.9 149.6 0 ring
-30 160 -84.819453576 -32.4 159.4 0 ring
-30 170 -84.818626044 -32.4 169.6 0 ring
-30 -180 -84.820188937 -30.2 -178.5 0 ring
-30 -170 -84.823111885 -29.5 -168.1 0 ring
-30 -160 -84.825910712 -29.6 -158.5 0 ring
-30 -150 -84.827463276 -30.0 -149.4 0 ring
-30 -140 -84.827620293 -30.6 -140.5 0 ring
-30 -130 -84.826182369 -31.4 -131.9 0 ring
-20 -120 -84.822829173 -20.0 -121.1 0 ring
-20 -110 -84.821196748 -20.2 -111.5 0 ring
-20 -100 -84.818661100 -20.4 -101.9 0 ring
-20 -90 -84.822757617 -18.9 -89.2 0 ring
-20 -80 -84.823560851 -19.4 -79.8 0 ring
-20 -70 -84.823229293 -20.1 -70.7 0 ring
-20 -60 -84.821793374 -20.9 -61.4 0 ring
-20 -50 -84.819401304 -21.9 -52.3 0 ring
-20 -40 -84.816015356 -22.6 -42.5 0 ring
-20 -30 -84.814533044 -21.4 -30.7 0 ring
-20 -20 -84.813871722 -21.7 -20.4 0 ring
-20 -10 -84.819617299 -20.7 -9.3 0 ring
-20 0 -84.821288537 -20.6 1.2 0 ring
-20 10 -84.823319852 -20.6 11.3 0 ring
-20 20 -84.825228863 -20.9 21.0 0 ring
-20 30 -84.826680509 -21.0 30.7 0 ring
-20 40 -84.833334074 -20.2 40.5 0 ring
-20 50 -84.833129536 -21.1 49.1 0 ring
-20 60 -84.831845934 -20.4 59.3 0 ring
-20 70 -84.832043450 -19.9 69.8 0 ring
-20 80 -84.831118999 -20.3 78.8 0 ring
-20 90 -84.828855495 -20.8 87.8 0 ring
-20 100 -84.825702333 -20.9 97.8 0 ring
-20 110 -84.822631747 -21.0 108.0 0 ring
-20 120 -84.820284979 -20.8 119.0 0 ring
-20 130 -84.819125320 -21.3 129.3 0 ring
-20 140 -84.818057824 -21.9 139.1 0 ring
-20 150 -84.816834047 -22.4 149.1 0 ring
-20 160 -84.815693853 -22.0 159.7 0 ring
-20 170 -84.817873082 -20.1 171.4 0 ring
-20 -180 -84.820635858 -19.5 -178.1 0 ring
-20 -170 -84.823942586 -19.5 -168.1 0 ring
-20 -160 -84.826129999 -19.9 -158.8 0 ring
-20 -150 -84.827036815 -20.4 -150.0 0 ring
-20 -140 -84.826372107 -21.0 -141.1 0 ring
-20 -130 -84.824158747 -21.5 -132.2 0 ring
-10 -120 -84.825432946 -9.2 -121.0 1 ok
-10 -110 -84.823242373 -10.0 -112.2 0 ring
-10 -100 -84.819523386 -10.6 -103.2 0 ring
-10 -90 -84.823986257 -9.0 -89.5 0 ring
-10 -80 -84.827163195 -10.1 -80.7 0 ring
-10 -70 -84.825617424 -10.4 -71.3 0 ring
-10 -60 -84.823601417 -10.9 -61.7 0 ring
-10 -50 -84.820911765 -11.5 -52.1 0 ring
-10 -40 -84.817625477 -12.1 -42.4 0 ring
-10 -30 -84.815927609 -10.8 -30.3 0 ring
-10 -20 -84.816112953 -10.7 -19.7 0 ring
-10 -10 -84.816907112 -10.7 -9.5 0 ring
-10 0 -84.818162779 -10.5 0.7 0 ring
-10 10 -84.819602410 -10.3 10.9 0 ring
-10 20 -84.821541871 -10.1 21.4 0 ring
-10 30 -84.823392987 -10.3 31.1 0 ring
-10 40 -84.825336766 -10.0 41.1 0 ring
-10 50 -84.826953949 -9.7 51.1 0 ring
-10 60 -84.828501497 -9.4 60.9 0 ring
-10 70 -84.829287162 -9.8 70.1 0 ring
-10 80 -84.828583341 -10.5 78.9 0 ring
-10 90 -84.826624629 -10.8 88.3 0 ring
-10 100 -84.824000700 -10.9 98.4 0 ring
-10 110 -84.821792641 -11.1 108.8 0 ring
-10 120 -84.820145714 -11.4 118.9 0 ring
-10 130 -84.818646831 -11.8 129.0 0 ring
-10 140 -84.817451461 -11.1 140.0 0 ring
-10 150 -84.817875602 -10.9 150.4 0 ring
-10 160 -84.819031871 -10.7 160.8 0 ring
-10 170 -84.820607990 -10.6 171.1 0 ring
-10 -180 -84.822666586 -10.2 -178.5 0 ring
-10 -170 -84.825121114 -9.9 -168.5 0 ring
-10 -160 -84.827000203 -10.1 -159.1 0 ring
-10 -150 -84.827458097 -10.3 -150.3 0 ring
-10 -140 -84.826136108 -10.4 -141.5 0 ring
-10 -130 -84.823816724 -9.7 -131.3 0 ring
0 -120 -84.826498726 0.5 -121.7 1 ok
0 -110 -84.823366536 -0.1 -112.8 0 ring
0 -100 -84.828616562 1.3 -100.0 0 ring
0 -90 -84.828417547 1.1 -90.4 0 ring
0 -80 -84.827401778 0.4 -81.0 0 ring
0 -70 -84.825445836 -0.2 -71.7 0 ring
0 -60 -84.822686432 -0.9 -62.2 0 ring
0 -50 -84.819237724 -1.8 -52.8 0 ring
0 -40 -84.815936586 -0.3 -40.6 0 ring
0 -30 -84.815111954 -0.6 -30.5 0 ring
0 -20 -84.814556053 -0.5 -20.1 0 ring
0 -10 -84.816545236 -0.0 -9.2 0 ring
0 0 -84.817823034 -0.2 0.8 0 ring
0 10 -84.819355388 -0.2 11.1 0 ring
0 20 -84.821258402 -0.2 21.2 0 ring
0 30 -84.823504911 -0.0 31.4 0 ring
0 40 -84.825626040 0.2 41.4 0 ring
0 50 -84.827818534 0.6 51.4 0 ring
0 60 -84.829258583 0.2 60.6 0 ring
0 70 -84.829262902 -0.4 69.4 0 ring
0 80 -84.827890598 -0.9 78.4 0 ring
0 90 -84.825399546 -1.0 88.1 0 ring
0 100 -84.822586568 -1.0 98.3 0 ring
0 110 -84.820235433 -1.2 108.5 0 ring
0 120 -84.818137412 -1.5 118.6 0 ring
0 130 -84.816350293 -0.7 129.7 0 ring
0 140 -84.816282285 -0.4 140.2 0 ring
0 150 -84.817062845 -0.3 150.6 0 ring
0 160 -84.818369711 -0.2 160.9 0 ring
0 170 -84.820320839 -0.0 171.3 0 ring
0 -180 -84.822950439 0.4 -178.2 0 ring
0 -170 -84.825311893 0.3 -168.6 0 ring
0 -160 -84.826873288 -0.1 -159.5 0 ring
0 -150 -84.826924561 -0.3 -150.6 0 ring
0 -140 -84.825710806 -0.1 -141.1 0 ring
0 -130 -84.824419891 0.5 -130.7 0 ring
10 -120 -84.825432956 10.9 -122.3 1 ok
10 -110 -84.821566741 10.5 -112.9 0 ring
10 -100 -84.817293059 10.4 -102.1 0 ring
10 -90 -84.824190407 9.5 -91.2 0 ring
10 -80 -84.822041747 8.7 -82.2 0 ring
10 -70 -84.818506806 7.9 -73.2 0 ring
10 -60 -84.813626445 7.7 -63.4 0 ring
10 -50 -84.821127790 8.1 -52.5 0 ring
10 -40 -84.832824420 9.5 -41.8 0 ring
10 -30 -84.830014058 9.6 -32.0 0 ring
10 -20 -84.829533710 11.5 -20.2 0 ring
10 -10 -84.828792626 10.9 -10.6 0 ring
10 0 -84.827442592 10.3 -1.1 0 ring
10 10 -84.830120200 10.8 11.1 0 ring
10 20 -84.830885135 9.6 20.1 0 ring
10 30 -84.830908616 9.6 29.9 0 ring
10 40 -84.836049004 11.4 41.8 0 ring
10 50 -84.838022351 10.9 51.0 0 ring
10 60 -84.838479969 10.2 59.7 0 ring
10 70 -84.837321320 9.8 68.5 0 ring
10 80 -84.834552884 9.2 77.4 0 ring
10 90 -84.830357171 9.2 87.0 0 ring
10 100 -84.827314742 10.4 98.7 0 ring
10 110 -84.825256413 10.3 108.7 0 ring
10 120 -84.823583263 10.4 119.2 0 ring
10 130 -84.828751651 11.8 130.8 0 ring
10 140 -84.829949484 11.5 140.8 0 ring
10 150 -84.831875584 11.8 151.2 0 ring
10 160 -84.833791917 11.7 161.3 0 ring
10 170 -84.835488539 11.3 170.9 0 ring
10 -180 -84.836299314 11.0 -179.7 0 ring
10 -170 -84.836158402 10.7 -170.4 0 ring
10 -160 -84.835388075 10.7 -160.7 0 ring
10 -150 -84.835623268 11.4 -150.2 0 ring
10 -140 -84.835713482 11.7 -140.1 0 ring
10 -130 -84.835473818 11.7 -130.3 0 ring
20 -120 -84.826961662 20.8 -122.8 1 ok
20 -110 -84.822643553 20.8 -112.9 0 ring
20 -100 -84.818505954 20.9 -102.4 0 ring
20 -90 -84.823375082 19.0 -91.9 0 ring
20 -80 -84.820244429 18.4 -82.9 0 ring
20 -70 -84.815628400 18.2 -73.5 0 ring
20 -60 -84.810585049 19.2 -62.4 0 ring
20 -50 -84.820106307 20.8 -50.7 0 ring
20 -40 -84.823636590 22.6 -39.2 0 ring
20 -30 -84.825411200 22.6 -28.7 0 ring
20 -20 -84.827320221 22.2 -18.7 0 ring
20 -10 -84.828869831 21.4 -9.0 0 ring
20 0 -84.829820673 20.5 0.5 0 ring
20 10 -84.829995871 19.5 9.8 0 ring
20 20 -84.830419416 20.2 20.4 0 ring
20 30 -84.831544127 20.6 30.9 0 ring
20 40 -84.833056379 21.0 40.9 0 ring
20 50 -84.833868583 20.9 50.2 0 ring
20 60 -84.833541257 20.7 59.4 0 ring
20 70 -84.832205800 20.6 68.8 0 ring
20 80 -84.829940135 20.4 78.2 0 ring
20 90 -84.826962815 20.3 87.9 0 ring
20 100 -84.823705633 20.4 98.0 0 ring
20 110 -84.825439007 21.5 109.1 0 ring
20 120 -84.824097352 21.2 119.2 0 ring
20 130 -84.823057674 21.1 129.4 0 ring
20 140 -84.823109047 21.6 140.2 0 ring
20 150 -84.823658521 21.5 150.4 0 ring
20 160 -84.836785732 21.4 161.3 0 ring
20 170 -84.838016337 20.7 170.6 0 ring
20 -180 -84.838378397 20.3 180.0 0 ring
20 -170 -84.838006858 20.1 -170.5 0 ring
20 -160 -84.837524785 20.7 -160.1 0 ring
20 -150 -84.837452758 21.0 -150.1 0 ring
20 -140 -84.837312617 21.1 -140.3 0 ring
20 -130 -84.836651591 21.1 -130.7 0 ring
30 -120 -84.828269615 30.9 -122.8 0 ring
30 -110 -84.824006182 31.0 -112.7 0 ring
30 -100 -84.822526542 31.1 -101.4 0 ring
30 -90 -84.819884899 30.3 -92.3 0 ring
30 -80 -84.816154659 29.9 -82.9 0 ring
30 -70 -84.811678767 29.9 -72.9 0 ring
30 -60 -84.820688753 32.2 -60.5 0 ring
30 -50 -84.826996491 33.4 -49.6 1 ok
30 -40 -84.827876744 33.3 -39.4 1 ok
30 -30 -84.829365772 33.2 -29.1 1 ok
30 -20 -84.830590683 32.7 -19.2 1 ok
30 -10 -84.831161293 31.8 -9.7 1 ok
30 0 -84.830903581 30.7 -0.5 1 ok
30 10 -84.830273686 30.6 9.6 1 ok
30 20 -84.829585241 30.6 19.6 1 ok
30 30 -84.829435794 31.3 30.2 1 ok
30 40 -84.832304269 32.7 41.3 1 ok
30 50 -84.833798796 32.7 50.7 1 ok
30 60 -84.834077841 32.4 59.8 1 ok
30 70 -84.833168901 32.1 69.0 1 ok
30 80 -84.831173836 31.6 78.3 1 ok
30 90 -84.828316192 31.4 88.0 0 ring
30 100 -84.825361054 31.4 98.0 0 ring
30 110 -84.822908102 31.8 108.7 0 ring
30 120 -84.824828870 33.2 120.5 1 ok
30 130 -84.825754973 32.9 130.8 0 ring
30 140 -84.827081321 32.5 141.0 0 ring
30 150 -84.828848639 32.4 151.3 1 ok
30 160 -84.831411454 32.4 161.5 1 ok
30 170 -84.833227199 32.0 171.0 1 ok
30 -180 -84.834574420 32.0 -179.3 1 ok
30 -170 -84.835906073 32.1 -169.5 1 ok
30 -160 -84.836524512 32.2 -159.8 1 ok
30 -150 -84.836320842 31.9 -150.5 1 ok
30 -140 -84.834946965 31.5 -141.5 1 ok
30 -130 -84.832182469 31.0 -132.4 1 ok
40 -120 -84.834952280 42.1 -121.4 1 ok
40 -110 -84.833272469 42.8 -111.2 1 ok
40 -100 -84.834691073 43.5 -99.7 1 ok
40 -90 -84.834933813 43.1 -89.9 1 ok
40 -80 -84.834418742 42.5 -80.4 1 ok
40 -70 -84.833355062 42.2 -70.8 1 ok
40 -60 -84.832359672 42.4 -60.6 1 ok
40 -50 -84.831732895 42.4 -50.4 1 ok
40 -40 -84.831458802 42.4 -40.2 1 ok
40 -30 -84.831600473 42.4 -29.8 1 ok
40 -20 -84.832119853 42.1 -19.7 1 ok
40 -10 -84.832479238 41.5 -9.9 1 ok
40 0 -84.832215309 40.8 -0.4 1 ok
40 10 -84.831599874 40.6 9.6 1 ok
40 20 -84.832541738 41.8 20.8 1 ok
40 30 -84.834899050 42.7 31.3 1 ok
40 40 -84.838131416 42.8 41.3 1 ok
40 50 -84.839384886 42.5 50.5 1 ok
40 60 -84.839501080 42.4 59.8 1 ok
40 70 -84.838402537 42.0 68.9 1 ok
40 80 -84.836410043 42.1 78.5 1 ok
40 90 -84.834010028 42.0 88.3 1 ok
40 100 -84.832106889 42.5 98.9 1 ok
40 110 -84.830925905 42.5 109.4 1 ok
40 120 -84.830160941 42.2 119.6 0 ring
40 130 -84.829583381 41.8 129.7 0 ring
40 140 -84.829216150 41.3 139.8 0 ring
40 150 -84.831579085 43.0 152.4 1 ok
40 160 -84.838191054 41.4 160.7 1 ok
40 170 -84.838942788 41.2 170.3 1 ok
40 -180 -84.838951262 40.8 179.7 1 ok
40 -170 -84.840573613 41.6 -169.7 1 ok
40 -160 -84.840742199 41.5 -160.2 1 ok
40 -150 -84.839871201 41.2 -151.0 1 ok
40 -140 -84.837820416 41.0 -141.8 1 ok
40 -130 -84.834683887 40.8 -132.5 1 ok
50 -120 -84.838634884 53.1 -119.9 1 ok
50 -110 -84.839097245 53.3 -109.8 1 ok
50 -100 -84.839292640 53.0 -100.0 1 ok
50 -90 -84.838894887 52.6 -90.3 1 ok
50 -80 -84.837876111 52.2 -80.8 1 ok
50 -70 -84.836924636 52.3 -70.7 1 ok
50 -60 -84.836105073 52.3 -60.6 1 ok
50 -50 -84.835357442 52.1 -50.6 1 ok
50 -40 -84.834945246 52.1 -40.2 1 ok
50 -30 -84.834832337 51.8 -30.1 1 ok
50 -20 -84.834698140 51.3 -20.2 1 ok
50 -10 -84.834068808 50.6 -10.6 1 ok
50 0 -84.833105409 50.3 -0.7 1 ok
50 10 -84.833820807 51.5 10.8 1 ok
50 20 -84.836548567 52.2 21.3 1 ok
50 30 -84.838440337 52.1 31.2 1 ok
50 40 -84.841594972 52.1 41.1 1 ok
50 50 -84.842526113 52.0 50.4 1 ok
50 60 -84.842422525 51.8 59.5 1 ok
50 70 -84.841224824 51.7 68.9 1 ok
50 80 -84.839385184 51.9 78.6 1 ok
50 90 -84.837471036 52.3 88.8 1 ok
50 100 -84.835738939 52.2 99.0 1 ok
50 110 -84.834225881 51.9 109.1 0 ring
50 120 -84.832836807 51.5 119.2 0 ring
50 130 -84.831615360 51.0 129.2 0 ring
50 140 -84.831904470 52.0 141.1 1 ok
50 150 -84.839254446 51.1 150.6 1 ok
50 160 -84.839938507 50.8 160.3 1 ok
50 170 -84.840096945 50.3 169.8 1 ok
50 -180 -84.841656409 51.1 -179.3 1 ok
50 -170 -84.842463219 51.0 -169.7 1 ok
50 -160 -84.842402734 50.9 -160.4 1 ok
50 -150 -84.841285621 50.7 -151.2 1 ok
50 -140 -84.839028017 50.6 -142.0 1 ok
50 -130 -84.835946421 50.8 -132.3 1 ok
60 -120 -84.842794915 62.6 -119.6 1 ok
60 -110 -84.843146506 62.6 -109.9 1 ok
60 -100 -84.842901251 62.3 -100.3 1 ok
60 -90 -84.842031953 62.0 -90.7 1 ok
60 -80 -84.841102445 62.1 -80.6 1 ok
60 -70 -84.840207554 62.0 -70.6 1 ok
60 -60 -84.839175558 61.7 -60.8 1 ok
60 -50 -84.838292185 61.6 -50.6 1 ok
60 -40 -84.837632282 61.4 -40.5 1 ok
60 -30 -84.836953160 60.9 -30.6 1 ok
60 -20 -84.835896997 60.2 -20.9 1 ok
60 -10 -84.834517983 59.8 -11.0 1 ok
60 0 -84.834558348 61.1 0.7 1 ok
60 10 -84.837177327 61.4 11.1 1 ok
60 20 -84.838970418 61.4 21.2 1 ok
60 30 -84.840721468 61.2 31.1 1 ok
60 40 -84.843831452 61.3 41.0 1 ok
60 50 -84.844694562 61.2 50.3 1 ok
60 60 -84.844493360 61.2 59.5 1 ok
60 70 -84.843537217 61.4 69.1 1 ok
60 80 -84.842077454 61.7 78.9 1 ok
60 90 -84.840345774 61.7 88.8 1 ok
60 100 -84.838419642 61.4 98.7 1 ok
60 110 -84.836406648 61.0 108.7 0 ring
60 120 -84.834407486 60.6 118.7 0 ring
60 130 -84.833087761 61.0 129.8 1 ok
60 140 -84.835246334 62.0 141.7 1 ok
60 150 -84.837911068 61.4 151.7 1 ok
60 160 -84.839900822 60.8 161.2 1 ok
60 170 -84.841564126 60.6 171.0 1 ok
60 -180 -84.842816481 60.5 -179.3 1 ok
60 -170 -84.843486111 60.4 -169.8 1 ok
60 -160 -84.843283115 60.3 -160.5 1 ok
60 -150 -84.842020115 60.3 -151.3 1 ok
60 -140 -84.839822736 60.4 -141.8 1 ok
60 -130 -84.837133795 60.6 -132.0 1 ok
70 -120 -84.845953337 71.9 -119.7 1 ok
70 -110 -84.845981812 71.7 -110.1 1 ok
70 -100 -84.845443594 71.6 -100.5 1 ok
70 -90 -84.844526166 71.5 -90.6 1 ok
70 -80 -84.843647493 71.5 -80.7 1 ok
70 -70 -84.842471241 71.2 -70.8 1 ok
70 -60 -84.841326085 71.1 -60.8 1 ok
70 -50 -84.840229527 70.9 -50.8 1 ok
70 -40 -84.839121672 70.4 -41.0 1 ok
70 -30 -84.837615684 69.8 -31.3 1 ok
70 -20 -84.835746508 69.3 -21.4 1 ok
70 -10 -84.834144094 69.7 -10.4 1 ok
70 0 -84.837071963 70.6 0.8 1 ok
70 10 -84.838561362 70.6 11.1 1 ok
70 20 -84.840233601 70.5 21.1 1 ok
70 30 -84.843370117 70.5 31.2 1 ok
70 40 -84.845019785 70.5 40.8 1 ok
70 50 -84.845847458 70.5 50.3 1 ok
70 60 -84.845857514 70.7 59.7 1 ok
70 70 -84.845182869 70.8 69.3 1 ok
70 80 -84.843944054 70.9 78.9 1 ok
70 90 -84.842125842 70.7 88.6 1 ok
70 100 -84.839859526 70.4 98.4 1 ok
70 110 -84.837347114 70.1 108.2 1 ok
70 120 -84.835043861 70.4 119.0 1 ok
70 130 -84.835283023 71.4 130.9 1 ok
70 140 -84.837202006 71.0 141.3 1 ok
70 150 -84.839000534 70.6 151.1 1 ok
70 160 -84.840672945 70.4 161.1 1 ok
70 170 -84.842140522 70.2 170.8 1 ok
70 -180 -84.843216537 70.1 -179.5 1 ok
70 -170 -84.843771252 70.0 -170.0 1 ok
70 -160 -84.843449159 69.9 -160.6 1 ok
70 -150 -84.842183372 70.0 -151.2 1 ok
70 -140 -84.840231291 70.1 -141.5 1 ok
70 -130 -84.837989622 70.4 -131.6 1 ok
80 -120 -84.845576441 81.3 -119.7 1 ok
80 -110 -84.845821542 81.4 -110.0 1 ok
80 -100 -84.845926688 81.4 -100.0 1 ok
80 -90 -84.845884731 81.3 -90.1 1 ok
80 -80 -84.845488376 80.8 -80.3 1 ok
80 -70 -84.844736445 80.3 -70.7 1 ok
80 -60 -84.843320909 79.5 -61.5 1 ok
80 -50 -84.840975323 78.7 -52.0 1 ok
80 -40 -84.838767284 79.2 -41.5 1 ok
80 -30 -84.836312352 78.8 -31.8 1 ok
80 -20 -84.833705586 78.8 -21.3 1 ok
80 -10 -84.833856964 79.8 -9.7 1 ok
80 0 -84.835897443 80.0 0.6 1 ok
80 10 -84.837105609 80.0 10.8 1 ok
80 20 -84.838294961 79.9 20.8 1 ok
80 30 -84.839294037 79.9 30.6 1 ok
80 40 -84.842746396 79.9 40.6 1 ok
80 50 -84.843235659 79.9 50.1 1 ok
80 60 -84.843194024 80.2 59.8 1 ok
80 70 -84.844980611 80.7 70.0 1 ok
80 80 -84.844423710 80.5 79.2 1 ok
80 90 -84.842998626 80.3 88.7 1 ok
80 100 -84.840923167 80.0 98.4 1 ok
80 110 -84.838674768 79.9 108.6 1 ok
80 120 -84.837047220 80.0 119.4 1 ok
80 130 -84.836645684 80.1 130.0 1 ok
80 140 -84.837222971 80.3 140.6 1 ok
80 150 -84.838571173 80.4 151.0 1 ok
80 160 -84.840154464 80.4 161.0 1 ok
80 170 -84.841521579 80.2 170.7 1 ok
80 -180 -84.842355014 79.9 -179.8 1 ok
80 -170 -84.842561499 79.8 -170.1 1 ok
80 -160 -84.841941886 79.8 -160.7 1 ok
80 -150 -84.840514702 79.8 -151.2 1 ok
80 -140 -84.838832197 80.5 -140.9 0 ring
80 -130 -84.837461917 80.5 -130.9 1 ok
90 -120 -84.846926174 90.6 -119.6 1 ok
90 -110 -84.847285215 90.7 -109.8 1 ok
90 -100 -84.847287880 90.6 -100.1 1 ok
90 -90 -84.846810253 90.2 -90.5 1 ok
90 -80 -84.845860795 89.7 -80.9 1 ok
90 -70 -84.844334653 89.0 -71.4 1 ok
90 -60 -84.842011973 88.2 -62.2 1 ok
90 -50 -84.839916901 88.9 -51.7 1 ok
90 -40 -84.837256151 88.5 -42.1 1 ok
90 -30 -84.834155634 88.5 -31.8 1 ok
90 -20 -84.831901583 89.1 -20.7 1 ok
90 -10 -84.835004459 89.7 -9.7 1 ok
90 0 -84.835883577 89.9 0.7 1 ok
90 10 -84.836963656 89.8 10.8 1 ok
90 20 -84.838047134 89.7 20.7 1 ok
90 30 -84.839134033 89.8 30.7 1 ok
90 40 -84.840069112 89.9 40.5 1 ok
90 50 -84.840804770 90.2 50.4 1 ok
90 60 -84.843740566 89.4 60.4 1 ok
90 70 -84.843861433 89.3 69.7 1 ok
90 80 -84.842995132 89.6 79.2 1 ok
90 90 -84.842270923 90.0 89.7 1 ok
90 100 -84.841557409 89.7 99.2 1 ok
90 110 -84.840356903 89.3 109.0 1 ok
90 120 -84.839014886 89.0 119.0 1 ok
90 130 -84.837670355 88.7 129.1 1 ok
90 140 -84.836457786 88.9 139.4 1 ok
90 150 -84.835800856 89.2 149.7 1 ok
90 160 -84.835597496 89.4 160.0 0 ring
90 170 -84.835650862 89.5 170.1 0 ring
90 -180 -84.846984787 90.1 -179.4 1 ok
90 -170 -84.847548104 90.0 -169.8 1 ok
90 -160 -84.847384233 90.0 -160.4 1 ok
90 -150 -84.846568896 90.0 -150.7 1 ok
90 -140 -84.845238261 89.9 -141.0 1 ok
90 -130 -84.843625278 90.0 -131.0 1 ok
DONE
