-180 -110 -84.859272443353
-180 -120 -84.859130281454
-180 -130 -84.858555308881
-180 -100 -84.859030028695
-180 -140 -84.857949995395
-180 -90 -84.858307763979
-180 -150 -84.857340037187
-180 -170 -84.854662200050
-180 -160 -84.856280497079
-180 -180 -84.852483627809
-180 -80 -84.857362586049
-180 -70 -84.856153958573
-180 -60 -84.854635300201
-180 -50 -84.852848833039
-180 -40 -84.850789388467
-180 -30 -84.848588910857
-180 -20 -84.846510387979
-180 -10 -84.844589058545
-180 30 -84.834973592609
-180 20 -84.832548946249
-180 40 -84.836909756130
-180 50 -84.838065804718
-180 60 -84.838062251619
-180 70 -84.837107499774
-180 0 -84.848447060783
-180 80 -84.840398550058
-180 10 -84.849564870037
-180 90 -84.839119640247
-180 110 -84.837821980245
-180 100 -84.859672048746
-180 170 -84.849916525843
-180 150 -84.844522845030
-180 160 -84.847075002778
-170 -180 -84.852483627809
-170 -170 -84.854662200050
-180 130 -84.856536833188
-170 -120 -84.859130281454
-180 140 -84.856201206298
-170 -130 -84.858555308881
-170 -140 -84.857949995395
-170 -110 -84.859272443353
-180 120 -84.856785964597
-170 -150 -84.857340037187
-170 -100 -84.859030028695
-170 -160 -84.856280497079
-170 -90 -84.858307763979
-170 -80 -84.857362586049
-170 -70 -84.856153958573
-170 -50 -84.852848833039
-170 -40 -84.850789388467
-170 -60 -84.854635300201
-170 -30 -84.848588910857
-170 -20 -84.846510387979
-170 -10 -84.844589058545
-170 20 -84.832548946249
-170 30 -84.834973592609
-170 50 -84.838065804718
-170 40 -84.836909756130
-170 60 -84.838062251619
-170 70 -84.837107499774
-170 0 -84.848447060783
-170 90 -84.839119640247
-170 80 -84.840398550058
-170 10 -84.849564870037
-170 100 -84.859672048746
-170 110 -84.837821980245
-160 -180 -84.852483627809
-170 160 -84.847075002778
-170 150 -84.844522845030
-170 170 -84.849916525843
-160 -170 -84.854662200050
-160 -120 -84.859130281454
-170 140 -84.856201206298
-160 -130 -84.858555308881
-170 130 -84.856536833188
-160 -160 -84.856280497079
-160 -110 -84.859272443353
-160 -140 -84.857949995395
-170 120 -84.856785964597
-160 -150 -84.857340037187
-160 -100 -84.859030028695
-160 -90 -84.858307763979
-160 -70 -84.856153958573
-160 -80 -84.857362586049
-160 -60 -84.854635300201
-160 -50 -84.852848833039
-160 -40 -84.850789388467
-160 -20 -84.846510387979
-160 -30 -84.848588910857
-160 -10 -84.844589058545
-160 20 -84.832548946249
-160 30 -84.834973592609
-160 40 -84.836909756130
-160 60 -84.838062251619
-160 50 -84.838065804718
-160 70 -84.837107499774
-160 80 -84.840398550058
-160 10 -84.849564870037
-160 90 -84.839119640247
-160 100 -84.859672048746
-160 0 -84.848447060783
-160 110 -84.837821980245
-160 160 -84.847075002778
-150 -180 -84.852483627809
-160 170 -84.849916525843
-160 150 -84.844522845030
-150 -170 -84.854662200050
-160 130 -84.856536833188
-150 -120 -84.859130281454
-150 -130 -84.858555308881
-160 140 -84.856201206298
-160 120 -84.856785964597
-150 -140 -84.857949995395
-150 -110 -84.859272443353
-150 -160 -84.856280497079
-150 -150 -84.857340037187
-150 -100 -84.859030028695
-150 -90 -84.858307763979
-150 -80 -84.857362586049
-150 -70 -84.856153958573
-150 -60 -84.854635300201
-150 -50 -84.852848833039
-150 -30 -84.848588910857
-150 -40 -84.850789388467
-150 -20 -84.846510387979
-150 -10 -84.844589058545
-150 20 -84.832548946249
-150 30 -84.834973592609
-150 40 -84.836909756130
-150 50 -84.838065804718
-150 60 -84.838062251619
-150 70 -84.837107499774
-150 0 -84.848447060783
-150 80 -84.840398550058
-150 90 -84.839119640247
-150 10 -84.849564870037
-150 110 -84.837821980245
-150 100 -84.859672048746
-150 160 -84.847075002778
-150 170 -84.849916525843
-150 150 -84.844522845030
-140 -180 -84.852483627809
-140 -170 -84.854662200050
-150 130 -84.856536833188
-140 -130 -84.858555308881
-140 -120 -84.859130281454
-140 -140 -84.857949995395
-150 120 -84.856785964597
-140 -150 -84.857340037187
-140 -110 -84.859272443353
-140 -160 -84.856280497079
-150 140 -84.856201206298
-140 -100 -84.859030028695
-140 -90 -84.858307763979
-140 -80 -84.857362586049
-140 -70 -84.856153958573
-140 -60 -84.854635300201
-140 -50 -84.852848833039
-140 -40 -84.850789388467
-140 -30 -84.848588910857
-140 -20 -84.846510387979
-140 -10 -84.844589058545
-140 20 -84.832548946249
-140 40 -84.836909756130
-140 30 -84.834973592609
-140 50 -84.838065804718
-140 60 -84.838062251619
-140 70 -84.837107499774
-140 10 -84.849564870037
-140 80 -84.840398550058
-140 90 -84.839119640247
-140 0 -84.848447060783
-140 110 -84.837821980245
-140 100 -84.859672048746
-140 160 -84.847075002778
-140 170 -84.849916525843
-140 150 -84.844522845030
-130 -180 -84.852483627809
-130 -170 -84.854662200050
-130 -120 -84.859130281454
-140 130 -84.856536833188
-130 -130 -84.858555308881
-140 120 -84.856785964597
-130 -140 -84.857949995395
-130 -110 -84.859272443353
-130 -160 -84.856280497079
-130 -100 -84.859030028695
-130 -150 -84.857340037187
-140 140 -84.856201206298
-130 -90 -84.858307763979
-130 -80 -84.857362586049
-130 -70 -84.856153958573
-130 -60 -84.854635300201
-130 -50 -84.852848833039
-130 -40 -84.850789388467
-130 -30 -84.848588910857
-130 -20 -84.846510387979
-130 -10 -84.844589058545
-130 20 -84.832548946249
-130 30 -84.834973592609
-130 40 -84.836909756130
-130 50 -84.838065804718
-130 60 -84.838062251619
-130 70 -84.837107499774
-130 80 -84.840398550058
-130 10 -84.849564870037
-130 90 -84.839119640247
-130 0 -84.848447060783
-130 110 -84.837821980245
-130 100 -84.859672048746
-130 160 -84.847075002778
-130 170 -84.849916525843
-120 -180 -84.852483627809
-130 150 -84.844522845030
-120 -170 -84.854662200050
-120 -130 -84.858555308881
-130 130 -84.856536833188
-130 120 -84.856785964597
-120 -120 -84.859130281454
-120 -140 -84.857949995395
-120 -150 -84.857340037187
-120 -110 -84.859272443353
-120 -160 -84.856280497079
-130 140 -84.856201206298
-120 -100 -84.859030028695
-120 -90 -84.858307763979
-120 -80 -84.857362586049
-120 -70 -84.856153958573
-120 -60 -84.854635300201
-120 -50 -84.852848833039
-120 -40 -84.850789388467
-120 -30 -84.848588910857
-120 -20 -84.846510387979
-120 -10 -84.844589058545
-120 30 -84.834973592609
-120 20 -84.832548946249
-120 40 -84.836909756130
-120 50 -84.838065804718
-120 60 -84.838062251619
-120 70 -84.837107499774
-120 0 -84.848447060783
-120 80 -84.840398550058
-120 10 -84.849564870037
-120 90 -84.839119640247
-120 110 -84.837821980245
-120 100 -84.859672048746
-120 160 -84.847075002778
-120 150 -84.844522845030
-120 170 -84.849916525843
-110 -180 -84.852483627809
-110 -170 -84.854662200050
-120 130 -84.856536833188
-110 -120 -84.859130281454
-110 -130 -84.858555308881
-110 -110 -84.859272443353
-110 -140 -84.857949995395
-110 -160 -84.856280497079
-110 -150 -84.857340037187
-110 -100 -84.859030028695
-120 140 -84.856201206298
-120 120 -84.856785964597
-110 -90 -84.858307763979
-110 -80 -84.857362586049
-110 -70 -84.856153958573
-110 -60 -84.854635300201
-110 -50 -84.852848833039
-110 -40 -84.850789388467
-110 -30 -84.848588910857
-110 -20 -84.846510387979
-110 -10 -84.844589058545
-110 20 -84.832548946249
-110 30 -84.834973592609
-110 40 -84.836909756130
-110 60 -84.838062251619
-110 50 -84.838065804718
-110 70 -84.837107499774
-110 0 -84.848447060783
-110 10 -84.849564870037
-110 80 -84.840398550058
-110 90 -84.839119640247
-110 110 -84.837821980245
-110 100 -84.859672048746
-110 160 -84.847075002778
-110 150 -84.844522845030
-100 -180 -84.852483627809
-110 170 -84.849916525843
-100 -170 -84.854662200050
-110 130 -84.856536833188
-100 -120 -84.859130281454
-100 -110 -84.859272443353
-100 -150 -84.857340037187
-110 140 -84.856201206298
-100 -160 -84.856280497079
-100 -140 -84.857949995395
-100 -130 -84.858555308881
-100 -100 -84.859030028695
-100 -90 -84.858307763979
-110 120 -84.856785964597
-100 -80 -84.857362586049
-100 -70 -84.856153958573
-100 -60 -84.854635300201
-100 -50 -84.852848833039
-100 -30 -84.848588910857
-100 -40 -84.850789388467
-100 -10 -84.844589058545
-100 -20 -84.846510387979
-100 20 -84.832548946249
-100 30 -84.834973592609
-100 40 -84.836909756130
-100 50 -84.838065804718
-100 60 -84.838062251619
-100 70 -84.837107499774
-100 10 -84.849564870037
-100 80 -84.840398550058
-100 0 -84.848447060783
-100 90 -84.839119640247
-100 110 -84.837821980245
-100 100 -84.859672048746
-100 150 -84.844522845030
-90 -180 -84.852483627809
-90 -170 -84.854662200050
-100 160 -84.847075002778
-100 170 -84.849916525843
-100 130 -84.856536833188
-100 140 -84.856201206298
-90 -160 -84.856280497079
-100 120 -84.856785964597
-90 -120 -84.859130281454
-90 -110 -84.859272443353
-90 -140 -84.857949995395
-90 -150 -84.857340037187
-90 -130 -84.858555308881
-90 -100 -84.859030028695
-90 -90 -84.858307763979
-90 -80 -84.857362586049
-90 -60 -84.854635300201
-90 -70 -84.856153958573
-90 -50 -84.852848833039
-90 -40 -84.850789388467
-90 -20 -84.846510387979
-90 -10 -84.844589058545
-90 -30 -84.848588910857
-90 30 -84.834973592609
-90 40 -84.836909756130
-90 20 -84.832548946249
-90 50 -84.838065804718
-90 60 -84.838062251619
-90 70 -84.837107499774
-90 0 -84.848447060783
-90 10 -84.849564870037
-90 90 -84.839119640247
-90 80 -84.840398550058
-90 100 -84.859672048746
-90 110 -84.837821980245
-90 160 -84.847075002778
-90 150 -84.844522845030
-80 -180 -84.852483627809
-80 -170 -84.854662200050
-90 130 -84.856536833188
-90 120 -84.856785964597
-90 140 -84.856201206298
-90 170 -84.849916525843
-80 -120 -84.859130281454
-80 -160 -84.856280497079
-80 -130 -84.858555308881
-80 -110 -84.859272443353
-80 -140 -84.857949995395
-80 -100 -84.859030028695
-80 -90 -84.858307763979
-80 -150 -84.857340037187
-80 -80 -84.857362586049
-80 -60 -84.854635300201
-80 -70 -84.856153958573
-80 -40 -84.850789388467
-80 -50 -84.852848833039
-80 -30 -84.848588910857
-80 -20 -84.846510387979
-80 -10 -84.844589058545
-80 30 -84.834973592609
-80 20 -84.832548946249
-80 50 -84.838065804718
-80 60 -84.838062251619
-80 40 -84.836909756130
-80 0 -84.848447060783
-80 70 -84.837107499774
-80 80 -84.840398550058
-80 90 -84.839119640247
-80 110 -84.837821980245
-80 10 -84.849564870037
-80 100 -84.859672048746
-80 150 -84.844522845030
-80 170 -84.849916525843
-70 -180 -84.852483627809
-80 120 -84.856785964597
-80 160 -84.847075002778
-70 -170 -84.854662200050
-70 -110 -84.859272443353
-70 -120 -84.859130281454
-80 140 -84.856201206298
-70 -150 -84.857340037187
-70 -130 -84.858555308881
-70 -140 -84.857949995395
-70 -160 -84.856280497079
-80 130 -84.856536833188
-70 -100 -84.859030028695
-70 -90 -84.858307763979
-70 -80 -84.857362586049
-70 -70 -84.856153958573
-70 -60 -84.854635300201
-70 -20 -84.846510387979
-70 -30 -84.848588910857
-70 -50 -84.852848833039
-70 -40 -84.850789388467
-70 -10 -84.844589058545
-70 20 -84.832548946249
-70 30 -84.834973592609
-70 40 -84.836909756130
-70 70 -84.837107499774
-70 50 -84.838065804718
-70 80 -84.840398550058
-70 60 -84.838062251619
-70 10 -84.849564870037
-70 0 -84.848447060783
-70 90 -84.839119640247
-70 100 -84.859672048746
-70 110 -84.837821980245
-70 160 -84.847075002778
-70 150 -84.844522845030
-70 170 -84.849916525843
-60 -180 -84.852483627809
-60 -150 -84.857340037187
-60 -160 -84.856280497079
-60 -170 -84.854662200050
-70 140 -84.856201206298
-60 -140 -84.857949995395
-60 -120 -84.859130281454
-60 -110 -84.859272443353
-60 -130 -84.858555308881
-60 -100 -84.859030028695
-60 -90 -84.858307763979
-70 130 -84.856536833188
-60 -80 -84.857362586049
-60 -70 -84.856153958573
-70 120 -84.856785964597
-60 -60 -84.854635300201
-60 -50 -84.852848833039
-60 -40 -84.850789388467
-60 -30 -84.848588910857
-60 -20 -84.846510387979
-60 -10 -84.844589058545
-60 20 -84.832548946249
-60 30 -84.834973592609
-60 40 -84.836909756130
-60 50 -84.838065804718
-60 60 -84.838062251619
-60 70 -84.837107499774
-60 80 -84.840398550058
-60 90 -84.839119640247
-60 0 -84.848447060783
-60 110 -84.837821980245
-60 10 -84.849564870037
-60 100 -84.859672048746
-60 160 -84.847075002778
-60 150 -84.844522845030
-60 170 -84.849916525843
-60 130 -84.856536833188
-50 -180 -84.852483627809
-60 120 -84.856785964597
-60 140 -84.856201206298
-50 -140 -84.857949995395
-50 -150 -84.857340037187
-50 -120 -84.859130281454
-50 -160 -84.856280497079
-50 -170 -84.854662200050
-50 -130 -84.858555308881
-50 -110 -84.859272443353
-50 -100 -84.859030028695
-50 -90 -84.858307763979
-50 -80 -84.857362586049
-50 -60 -84.854635300201
-50 -70 -84.856153958573
-50 -40 -84.850789388467
-50 -50 -84.852848833039
-50 -30 -84.848588910857
-50 -10 -84.844589058545
-50 -20 -84.846510387979
-50 30 -84.834973592609
-50 40 -84.836909756130
-50 20 -84.832548946249
-50 50 -84.838065804718
-50 60 -84.838062251619
-50 70 -84.837107499774
-50 0 -84.848447060783
-50 80 -84.840398550058
-50 10 -84.849564870037
-50 110 -84.837821980245
-50 90 -84.839119640247
-50 100 -84.859672048746
-50 160 -84.847075002778
-50 150 -84.844522845030
-50 170 -84.849916525843
-40 -180 -84.852483627809
-40 -170 -84.854662200050
-40 -120 -84.859130281454
-50 130 -84.856536833188
-40 -130 -84.858555308881
-40 -140 -84.857949995395
-40 -150 -84.857340037187
-40 -110 -84.859272443353
-50 140 -84.856201206298
-50 120 -84.856785964597
-40 -160 -84.856280497079
-40 -100 -84.859030028695
-40 -90 -84.858307763979
-40 -80 -84.857362586049
-40 -70 -84.856153958573
-40 -60 -84.854635300201
-40 -50 -84.852848833039
-40 -40 -84.850789388467
-40 -30 -84.848588910857
-40 -20 -84.846510387979
-40 -10 -84.844589058545
-40 20 -84.832548946249
-40 30 -84.834973592609
-40 40 -84.836909756130
-40 60 -84.838062251619
-40 50 -84.838065804718
-40 70 -84.837107499774
-40 0 -84.848447060783
-40 80 -84.840398550058
-40 10 -84.849564870037
-40 90 -84.839119640247
-40 110 -84.837821980245
-40 100 -84.859672048746
-40 160 -84.847075002778
-40 170 -84.849916525843
-40 150 -84.844522845030
-30 -180 -84.852483627809
-30 -170 -84.854662200050
-30 -120 -84.859130281454
-30 -130 -84.858555308881
-30 -140 -84.857949995395
-30 -110 -84.859272443353
-40 120 -84.856785964597
-40 130 -84.856536833188
-30 -150 -84.857340037187
-30 -160 -84.856280497079
-40 140 -84.856201206298
-30 -100 -84.859030028695
-30 -90 -84.858307763979
-30 -80 -84.857362586049
-30 -70 -84.856153958573
-30 -60 -84.854635300201
-30 -50 -84.852848833039
-30 -40 -84.850789388467
-30 -30 -84.848588910857
-30 -20 -84.846510387979
-30 -10 -84.844589058545
-30 20 -84.832548946249
-30 30 -84.834973592609
-30 40 -84.836909756130
-30 50 -84.838065804718
-30 60 -84.838062251619
-30 70 -84.837107499774
-30 0 -84.848447060783
-30 80 -84.840398550058
-30 10 -84.849564870037
-30 90 -84.839119640247
-30 110 -84.837821980245
-30 100 -84.859672048746
-30 160 -84.847075002778
-30 150 -84.844522845030
-30 170 -84.849916525843
-20 -180 -84.852483627809
-20 -170 -84.854662200050
-20 -120 -84.859130281454
-30 130 -84.856536833188
-20 -130 -84.858555308881
-20 -110 -84.859272443353
-30 120 -84.856785964597
-20 -140 -84.857949995395
-20 -150 -84.857340037187
-20 -160 -84.856280497079
-30 140 -84.856201206298
-20 -100 -84.859030028695
-20 -90 -84.858307763979
-20 -80 -84.857362586049
-20 -70 -84.856153958573
-20 -60 -84.854635300201
-20 -50 -84.852848833039
-20 -30 -84.848588910857
-20 -40 -84.850789388467
-20 -10 -84.844589058545
-20 -20 -84.846510387979
-20 20 -84.832548946249
-20 30 -84.834973592609
-20 40 -84.836909756130
-20 50 -84.838065804718
-20 60 -84.838062251619
-20 70 -84.837107499774
-20 80 -84.840398550058
-20 0 -84.848447060783
-20 10 -84.849564870037
-20 90 -84.839119640247
-20 110 -84.837821980245
-20 100 -84.859672048746
-20 160 -84.847075002778
-20 170 -84.849916525843
-20 150 -84.844522845030
-10 -180 -84.852483627809
-10 -170 -84.854662200050
-20 130 -84.856536833188
-10 -120 -84.859130281454
-10 -130 -84.858555308881
-10 -140 -84.857949995395
-10 -110 -84.859272443353
-20 120 -84.856785964597
-10 -150 -84.857340037187
-20 140 -84.856201206298
-10 -160 -84.856280497079
-10 -90 -84.858307763979
-10 -100 -84.859030028695
-10 -80 -84.857362586049
-10 -70 -84.856153958573
-10 -60 -84.854635300201
-10 -50 -84.852848833039
-10 -40 -84.850789388467
-10 -30 -84.848588910857
-10 -20 -84.846510387979
-10 -10 -84.844589058545
-10 20 -84.832548946249
-10 30 -84.834973592609
-10 40 -84.836909756130
-10 50 -84.838065804718
-10 60 -84.838062251619
-10 70 -84.837107499774
-10 10 -84.849564870037
-10 0 -84.848447060783
-10 90 -84.839119640247
-10 80 -84.840398550058
-10 110 -84.837821980245
-10 100 -84.859672048746
-10 160 -84.847075002778
-10 170 -84.849916525843
0 -180 -84.852483627809
-10 150 -84.844522845030
0 -170 -84.854662200050
0 -120 -84.859130281454
0 -130 -84.858555308881
-10 130 -84.856536833188
0 -140 -84.857949995395
-10 120 -84.856785964597
0 -110 -84.859272443353
-10 140 -84.856201206298
0 -150 -84.857340037187
0 -160 -84.856280497079
0 -100 -84.859030028695
0 -90 -84.858307763979
0 -80 -84.857362586049
0 -70 -84.856153958573
0 -60 -84.854635300201
0 -50 -84.852848833039
0 -40 -84.850789388467
0 -30 -84.848588910857
0 -20 -84.846510387979
0 -10 -84.844589058545
0 20 -84.832548946249
0 30 -84.834973592609
0 40 -84.836909756130
0 50 -84.838065804718
0 60 -84.838062251619
0 70 -84.837107499774
0 0 -84.848447060783
0 80 -84.840398550058
0 10 -84.849564870037
0 90 -84.839119640247
0 110 -84.837821980245
0 100 -84.859672048746
0 150 -84.844522845030
0 160 -84.847075002778
10 -180 -84.852483627809
0 170 -84.849916525843
10 -170 -84.854662200050
0 130 -84.856536833188
10 -120 -84.859130281454
10 -130 -84.858555308881
0 120 -84.856785964597
10 -110 -84.859272443353
10 -140 -84.857949995395
10 -150 -84.857340037187
0 140 -84.856201206298
10 -160 -84.856280497079
10 -100 -84.859030028695
10 -90 -84.858307763979
10 -80 -84.857362586049
10 -70 -84.856153958573
10 -60 -84.854635300201
10 -50 -84.852848833039
10 -40 -84.850789388467
10 -30 -84.848588910857
10 -20 -84.846510387979
10 -10 -84.844589058545
10 20 -84.832548946249
10 30 -84.834973592609
10 40 -84.836909756130
10 50 -84.838065804718
10 60 -84.838062251619
10 70 -84.837107499774
10 0 -84.848447060783
10 10 -84.849564870037
10 80 -84.840398550058
10 90 -84.839119640247
10 110 -84.837821980245
10 100 -84.859672048746
10 160 -84.847075002778
10 150 -84.844522845030
20 -180 -84.852483627809
10 170 -84.849916525843
20 -170 -84.854662200050
20 -150 
20 -120 
20 -130 
10 120 
20 -140 
20 -160 
10 140 
10 130 
