-180 -150 -84.845043501171
-180 -130 -84.845589236329
-180 -110 -84.843842996916
-180 -140 -84.845611179116
-180 -120 -84.845668834544
-180 -160 -84.844798319646
-180 -170 -84.844569922462
-180 -180 -84.845094581493
-180 -100 -84.844128522772
-180 -90 -84.845521998496
-180 -80 -84.845843516295
-180 -70 -84.845657497557
-180 -60 -84.845354412236
-180 -50 -84.844792471779
-180 -40 -84.844128977141
-180 -10 -84.833937441022
-180 10 -84.832760263213
-180 -20 -84.834582777862
-180 0 -84.833354845117
-180 -30 -84.843196178268
-180 20 -84.832228526690
-180 30 -84.831442984948
-180 40 -84.830421107630
-180 50 -84.831014633186
-180 60 -84.829952609160
-180 70 -84.827670962128
-180 80 -84.828511705820
-180 100 -84.835158799771
-180 110 -84.834499826989
-180 120 -84.853648275833
-180 90 -84.837935742438
-180 130 -84.842938950320
-180 140 -84.843428482574
-180 150 -84.844318290917
-180 160 -84.845007893902
-170 -170 -84.844569922462
-180 170 -84.845325706194
-170 -160 -84.844798319646
-170 -150 -84.845043501171
-170 -180 -84.845094581493
-170 -140 -84.845611179116
-170 -130 -84.845589236329
-170 -110 -84.843842996916
-170 -120 -84.845668834544
-170 -100 -84.844128522772
-170 -90 -84.845521998496
-170 -80 -84.845843516295
-170 -70 -84.845657497557
-170 -60 -84.845354412236
-170 -50 -84.844792471779
-170 -10 -84.833937441022
-170 -20 -84.834582777862
-170 10 -84.832760263213
-170 -40 -84.844128977141
-170 0 -84.833354845117
-170 -30 -84.843196178268
-170 20 -84.832228526690
-170 30 -84.831442984948
-170 40 -84.830421107630
-170 50 -84.831014633186
-170 60 -84.829952609160
-170 70 -84.827670962128
-170 80 -84.828511705820
-170 100 -84.835158799771
-170 120 -84.853648275833
-170 110 -84.834499826989
-170 90 -84.837935742438
-170 130 -84.842938950320
-170 140 -84.843428482574
-170 150 -84.844318290917
-170 160 -84.845007893902
-170 170 -84.845325706194
-160 -160 -84.844798319646
-160 -170 -84.844569922462
-160 -180 -84.845094581493
-160 -150 -84.845043501171
-160 -140 -84.845611179116
-160 -130 -84.845589236329
-160 -120 -84.845668834544
-160 -100 -84.844128522772
-160 -110 -84.843842996916
-160 -90 -84.845521998496
-160 -80 -84.845843516295
-160 -70 -84.845657497557
-160 -60 -84.845354412236
-160 -50 -84.844792471779
-160 0 -84.833354845117
-160 10 -84.832760263213
-160 -10 -84.833937441022
-160 -20 -84.834582777862
-160 -40 -84.844128977141
-160 -30 -84.843196178268
-160 20 -84.832228526690
-160 30 -84.831442984948
-160 40 -84.830421107630
-160 50 -84.831014633186
-160 60 -84.829952609160
-160 70 -84.827670962128
-160 80 -84.828511705820
-160 120 -84.853648275833
-160 110 -84.834499826989
-160 100 -84.835158799771
-160 90 -84.837935742438
-160 140 -84.843428482574
-160 130 -84.842938950320
-160 150 -84.844318290917
-150 -150 -84.845043501171
-160 170 -84.845325706194
-150 -140 -84.845611179116
-150 -170 -84.844569922462
-150 -160 -84.844798319646
-150 -180 -84.845094581493
-150 -130 -84.845589236329
-160 160 -84.845007893902
-150 -110 -84.843842996916
-150 -100 -84.844128522772
-150 -120 -84.845668834544
-150 -90 -84.845521998496
-150 -80 -84.845843516295
-150 -70 -84.845657497557
-150 -60 -84.845354412236
-150 -50 -84.844792471779
-150 10 -84.832760263213
-150 -40 -84.844128977141
-150 0 -84.833354845117
-150 20 -84.832228526690
-150 -30 -84.843196178268
-150 -10 -84.833937441022
-150 -20 -84.834582777862
-150 30 -84.831442984948
-150 40 -84.830421107630
-150 50 -84.831014633186
-150 60 -84.829952609160
-150 70 -84.827670962128
-150 80 -84.828511705820
-150 100 -84.835158799771
-150 110 -84.834499826989
-150 90 -84.837935742438
-150 140 -84.843428482574
-150 130 -84.842938950320
-150 120 -84.853648275833
-150 170 -84.845325706194
-150 160 -84.845007893902
-150 150 -84.844318290917
-140 -160 -84.844798319646
-140 -150 -84.845043501171
-140 -170 -84.844569922462
-140 -140 -84.845611179116
-140 -130 -84.845589236329
-140 -180 -84.845094581493
-140 -120 -84.845668834544
-140 -100 -84.844128522772
-140 -110 -84.843842996916
-140 -90 -84.845521998496
-140 -80 -84.845843516295
-140 -60 -84.845354412236
-140 -70 -84.845657497557
-140 -20 -84.834582777862
-140 -30 -84.843196178268
-140 -40 -84.844128977141
-140 -10 -84.833937441022
-140 10 -84.832760263213
-140 20 -84.832228526690
-140 0 -84.833354845117
-140 -50 -84.844792471779
-140 40 -84.830421107630
-140 30 -84.831442984948
-140 50 -84.831014633186
-140 60 -84.829952609160
-140 70 -84.827670962128
-140 80 -84.828511705820
-140 120 -84.853648275833
-140 100 -84.835158799771
-140 110 -84.834499826989
-140 130 -84.842938950320
-140 90 -84.837935742438
-140 150 -84.844318290917
-140 160 -84.845007893902
-140 140 -84.843428482574
-140 170 -84.845325706194
-130 -150 -84.845043501171
-130 -180 -84.845094581493
-130 -160 -84.844798319646
-130 -170 -84.844569922462
-130 -140 -84.845611179116
-130 -130 -84.845589236329
-130 -110 -84.843842996916
-130 -120 -84.845668834544
-130 -100 -84.844128522772
-130 -90 -84.845521998496
-130 -80 -84.845843516295
-130 -70 -84.845657497557
-130 -60 -84.845354412236
-130 -50 -84.844792471779
-130 -10 -84.833937441022
-130 -40 -84.844128977141
-130 -20 -84.834582777862
-130 -30 -84.843196178268
-130 0 -84.833354845117
-130 10 -84.832760263213
-130 20 -84.832228526690
-130 30 -84.831442984948
-130 40 -84.830421107630
-130 50 -84.831014633186
-130 60 -84.829952609160
-130 70 -84.827670962128
-130 80 -84.828511705820
-130 100 -84.835158799771
-130 120 -84.853648275833
-130 110 -84.834499826989
-130 90 -84.837935742438
-130 130 -84.842938950320
-130 140 -84.843428482574
-130 150 -84.844318290917
-130 160 -84.845007893902
-120 -160 -84.844798319646
-120 -150 -84.845043501171
-120 -170 -84.844569922462
-130 170 -84.845325706194
-120 -180 -84.845094581493
-120 -140 -84.845611179116
-120 -130 -84.845589236329
-120 -120 -84.845668834544
-120 -110 -84.843842996916
-120 -100 -84.844128522772
-120 -90 -84.845521998496
-120 -80 -84.845843516295
-120 -70 -84.845657497557
-120 -60 -84.845354412236
-120 -50 -84.844792471779
-120 -10 -84.833937441022
-120 -20 -84.834582777862
-120 -40 -84.844128977141
-120 10 -84.832760263213
-120 0 -84.833354845117
-120 -30 -84.843196178268
-120 20 -84.832228526690
-120 30 -84.831442984948
-120 40 -84.830421107630
-120 50 -84.831014633186
-120 60 -84.829952609160
-120 70 -84.827670962128
-120 80 -84.828511705820
-120 100 -84.835158799771
-120 110 -84.834499826989
-120 120 -84.853648275833
-120 90 -84.837935742438
-120 130 -84.842938950320
-120 140 -84.843428482574
-120 150 -84.844318290917
-120 160 -84.845007893902
-110 -170 -84.844569922462
-110 -160 -84.844798319646
-120 170 -84.845325706194
-110 -150 -84.845043501171
-110 -180 -84.845094581493
-110 -140 -84.845611179116
-110 -130 -84.845589236329
-110 -120 -84.845668834544
-110 -110 -84.843842996916
-110 -100 -84.844128522772
-110 -90 -84.845521998496
-110 -80 -84.845843516295
-110 -70 -84.845657497557
-110 -60 -84.845354412236
-110 -50 -84.844792471779
-110 -10 -84.833937441022
-110 10 -84.832760263213
-110 -20 -84.834582777862
-110 0 -84.833354845117
-110 -40 -84.844128977141
-110 -30 -84.843196178268
-110 20 -84.832228526690
-110 30 -84.831442984948
-110 40 -84.830421107630
-110 50 -84.831014633186
-110 60 -84.829952609160
-110 70 -84.827670962128
-110 80 -84.828511705820
-110 100 -84.835158799771
-110 120 -84.853648275833
-110 110 -84.834499826989
-110 90 -84.837935742438
-110 130 -84.842938950320
-110 140 -84.843428482574
-110 150 -84.844318290917
-110 160 -84.845007893902
-100 -170 -84.844569922462
-110 170 -84.845325706194
-100 -150 -84.845043501171
-100 -160 -84.844798319646
-100 -140 -84.845611179116
-100 -180 -84.845094581493
-100 -130 -84.845589236329
-100 -120 -84.845668834544
-100 -110 -84.843842996916
-100 -100 -84.844128522772
-100 -90 -84.845521998496
-100 -80 -84.845843516295
-100 -70 -84.845657497557
-100 -60 -84.845354412236
-100 -50 -84.844792471779
-100 -20 -84.834582777862
-100 -10 -84.833937441022
-100 -40 -84.844128977141
-100 0 -84.833354845117
-100 10 -84.832760263213
-100 -30 -84.843196178268
-100 20 -84.832228526690
-100 30 -84.831442984948
-100 40 -84.830421107630
-100 60 -84.829952609160
-100 50 -84.831014633186
-100 70 -84.827670962128
-100 80 -84.828511705820
-100 100 -84.835158799771
-100 120 -84.853648275833
-100 110 -84.834499826989
-100 90 -84.837935742438
-100 130 -84.842938950320
-100 140 -84.843428482574
-100 150 -84.844318290917
-100 160 -84.845007893902
-90 -160 -84.844798319646
-90 -170 -84.844569922462
-100 170 -84.845325706194
-90 -150 -84.845043501171
-90 -180 -84.845094581493
-90 -140 -84.845611179116
-90 -130 -84.845589236329
-90 -120 -84.845668834544
-90 -110 -84.843842996916
-90 -100 -84.844128522772
-90 -90 -84.845521998496
-90 -80 -84.845843516295
-90 -70 -84.845657497557
-90 -60 -84.845354412236
-90 -50 -84.844792471779
-90 -10 -84.833937441022
-90 -20 -84.834582777862
-90 -40 -84.844128977141
-90 0 -84.833354845117
-90 10 -84.832760263213
-90 -30 -84.843196178268
-90 20 -84.832228526690
-90 30 -84.831442984948
-90 40 -84.830421107630
-90 50 -84.831014633186
-90 60 -84.829952609160
-90 70 -84.827670962128
-90 80 -84.828511705820
-90 100 -84.835158799771
-90 110 -84.834499826989
-90 120 -84.853648275833
-90 90 -84.837935742438
-90 130 -84.842938950320
-90 140 -84.843428482574
-90 150 -84.844318290917
-90 160 -84.845007893902
-80 -170 -84.844569922462
-90 170 -84.845325706194
-80 -150 -84.845043501171
-80 -160 -84.844798319646
-80 -180 -84.845094581493
-80 -140 -84.845611179116
-80 -130 -84.845589236329
-80 -120 -84.845668834544
-80 -110 -84.843842996916
-80 -100 -84.844128522772
-80 -90 -84.845521998496
-80 -80 -84.845843516295
-80 -70 -84.845657497557
-80 -60 -84.845354412236
-80 -50 -84.844792471779
-80 -10 -84.833937441022
-80 -20 -84.834582777862
-80 10 -84.832760263213
-80 -40 -84.844128977141
-80 0 -84.833354845117
-80 -30 -84.843196178268
-80 20 -84.832228526690
-80 30 -84.831442984948
-80 40 -84.830421107630
-80 50 -84.831014633186
-80 60 -84.829952609160
-80 70 -84.827670962128
-80 80 -84.828511705820
-80 100 -84.835158799771
-80 110 -84.834499826989
-80 120 -84.853648275833
-80 90 -84.837935742438
-80 130 -84.842938950320
-80 140 -84.843428482574
-80 150 -84.844318290917
-80 160 -84.845007893902
-70 -150 -84.845043501171
-70 -160 -84.844798319646
-70 -170 -84.844569922462
-80 170 -84.845325706194
-70 -180 -84.845094581493
-70 -140 -84.845611179116
-70 -130 -84.845589236329
-70 -120 -84.845668834544
-70 -110 -84.843842996916
-70 -100 -84.844128522772
-70 -90 -84.845521998496
-70 -80 -84.845843516295
-70 -70 -84.845657497557
-70 -60 -84.845354412236
-70 -50 -84.844792471779
-70 -10 -84.833937441022
-70 0 -84.833354845117
-70 -20 -84.834582777862
-70 -40 -84.844128977141
-70 10 -84.832760263213
-70 -30 -84.843196178268
-70 20 -84.832228526690
-70 30 -84.831442984948
-70 40 -84.830421107630
-70 50 -84.831014633186
-70 60 -84.829952609160
-70 70 -84.827670962128
-70 80 -84.828511705820
-70 100 -84.835158799771
-70 110 -84.834499826989
-70 120 -84.853648275833
-70 90 -84.837935742438
-70 130 -84.842938950320
-70 140 -84.843428482574
-70 150 -84.844318290917
-70 160 -84.845007893902
-60 -170 -84.844569922462
-70 170 -84.845325706194
-60 -160 -84.844798319646
-60 -150 -84.845043501171
-60 -180 -84.845094581493
-60 -140 -84.845611179116
-60 -130 -84.845589236329
-60 -110 -84.843842996916
-60 -120 -84.845668834544
-60 -100 -84.844128522772
-60 -90 -84.845521998496
-60 -80 -84.845843516295
-60 -70 -84.845657497557
-60 -60 -84.845354412236
-60 -50 -84.844792471779
-60 -10 -84.833937441022
-60 0 -84.833354845117
-60 10 -84.832760263213
-60 -20 -84.834582777862
-60 -40 -84.844128977141
-60 -30 -84.843196178268
-60 20 -84.832228526690
-60 30 -84.831442984948
-60 40 -84.830421107630
-60 50 -84.831014633186
-60 60 -84.829952609160
-60 70 -84.827670962128
-60 80 -84.828511705820
-60 100 -84.835158799771
-60 120 -84.853648275833
-60 110 -84.834499826989
-60 90 -84.837935742438
-60 130 -84.842938950320
-60 140 -84.843428482574
-60 150 -84.844318290917
-60 160 -84.845007893902
-60 170 -84.845325706194
-50 -160 -84.844798319646
-50 -170 -84.844569922462
-50 -150 -84.845043501171
-50 -180 -84.845094581493
-50 -140 -84.845611179116
-50 -130 -84.845589236329
-50 -120 -84.845668834544
-50 -110 -84.843842996916
-50 -100 -84.844128522772
-50 -90 -84.845521998496
-50 -80 -84.845843516295
-50 -70 -84.845657497557
-50 -60 -84.845354412236
-50 -50 -84.844792471779
-50 -10 -84.833937441022
-50 -20 -84.834582777862
-50 0 -84.833354845117
-50 -40 -84.844128977141
-50 10 -84.832760263213
-50 -30 -84.843196178268
-50 20 -84.832228526690
-50 30 -84.831442984948
-50 40 -84.830421107630
-50 50 -84.831014633186
-50 60 -84.829952609160
-50 70 -84.827670962128
-50 80 -84.828511705820
-50 100 -84.835158799771
-50 110 -84.834499826989
-50 120 -84.853648275833
-50 90 -84.837935742438
-50 130 -84.842938950320
-50 140 -84.843428482574
-50 150 -84.844318290917
-50 160 -84.845007893902
-40 -170 -84.844569922462
-50 170 -84.845325706194
-40 -160 -84.844798319646
-40 -150 -84.845043501171
-40 -180 -84.845094581493
-40 -140 -84.845611179116
-40 -130 -84.845589236329
-40 -120 -84.845668834544
-40 -110 -84.843842996916
-40 -100 -84.844128522772
-40 -90 -84.845521998496
-40 -80 -84.845843516295
-40 -70 -84.845657497557
-40 -60 -84.845354412236
-40 -50 -84.844792471779
-40 -10 -84.833937441022
-40 -20 -84.834582777862
-40 10 -84.832760263213
-40 -40 -84.844128977141
-40 0 -84.833354845117
-40 -30 -84.843196178268
-40 20 -84.832228526690
-40 30 -84.831442984948
-40 40 -84.830421107630
-40 50 -84.831014633186
-40 60 -84.829952609160
-40 70 -84.827670962128
-40 80 -84.828511705820
-40 100 -84.835158799771
-40 110 -84.834499826989
-40 120 -84.853648275833
-40 90 -84.837935742438
-40 130 -84.842938950320
-40 140 -84.843428482574
-40 150 -84.844318290917
-40 160 -84.845007893902
-30 -170 -84.844569922462
-30 -160 -84.844798319646
-40 170 -84.845325706194
-30 -150 -84.845043501171
-30 -180 -84.845094581493
-30 -140 -84.845611179116
-30 -130 -84.845589236329
-30 -120 -84.845668834544
-30 -110 -84.843842996916
-30 -100 -84.844128522772
-30 -90 -84.845521998496
-30 -80 -84.845843516295
-30 -70 -84.845657497557
-30 -60 -84.845354412236
-30 -50 -84.844792471779
-30 -10 -84.833937441022
-30 10 -84.832760263213
-30 -20 -84.834582777862
-30 0 -84.833354845117
-30 -40 -84.844128977141
-30 -30 -84.843196178268
-30 20 -84.832228526690
-30 30 -84.831442984948
-30 40 -84.830421107630
-30 60 -84.829952609160
-30 50 -84.831014633186
-30 70 -84.827670962128
-30 80 -84.828511705820
-30 100 -84.835158799771
-30 120 -84.853648275833
-30 110 -84.834499826989
-30 90 -84.837935742438
-30 130 -84.842938950320
-30 140 -84.843428482574
-30 150 -84.844318290917
-30 160 -84.845007893902
-20 -170 -84.844569922462
-20 -160 -84.844798319646
-30 170 -84.845325706194
-20 -150 -84.845043501171
-20 -180 -84.845094581493
-20 -140 -84.845611179116
-20 -130 -84.845589236329
-20 -120 -84.845668834544
-20 -110 -84.843842996916
-20 -100 -84.844128522772
-20 -90 -84.845521998496
-20 -80 -84.845843516295
-20 -70 -84.845657497557
-20 -60 -84.845354412236
-20 -50 -84.844792471779
-20 -10 -84.833937441022
-20 0 -84.833354845117
-20 -20 -84.834582777862
-20 -40 -84.844128977141
-20 10 -84.832760263213
-20 -30 -84.843196178268
-20 20 -84.832228526690
-20 30 -84.831442984948
-20 40 -84.830421107630
-20 50 -84.831014633186
-20 60 -84.829952609160
-20 70 -84.827670962128
-20 80 -84.828511705820
-20 100 -84.835158799771
-20 110 -84.834499826989
-20 120 -84.853648275833
-20 90 -84.837935742438
-20 130 -84.842938950320
-20 140 -84.843428482574
-20 150 -84.844318290917
-20 160 -84.845007893902
-10 -170 -84.844569922462
-20 170 -84.845325706194
-10 -160 -84.844798319646
-10 -150 -84.845043501171
-10 -180 -84.845094581493
-10 -140 -84.845611179116
-10 -130 -84.845589236329
-10 -120 -84.845668834544
-10 -110 -84.843842996916
-10 -100 -84.844128522772
-10 -90 -84.845521998496
-10 -80 -84.845843516295
-10 -70 -84.845657497557
-10 -60 -84.845354412236
-10 -50 -84.844792471779
-10 -10 -84.833937441022
-10 -20 -84.834582777862
-10 -40 -84.844128977141
-10 10 -84.832760263213
-10 0 -84.833354845117
-10 -30 -84.843196178268
-10 20 -84.832228526690
-10 30 -84.831442984948
-10 40 -84.830421107630
-10 50 -84.831014633186
-10 60 -84.829952609160
-10 70 -84.827670962128
-10 80 -84.828511705820
-10 100 -84.835158799771
-10 110 -84.834499826989
-10 120 -84.853648275833
-10 90 -84.837935742438
-10 130 -84.842938950320
-10 140 -84.843428482574
-10 150 -84.844318290917
-10 160 -84.845007893902
0 -160 -84.844798319646
0 -170 -84.844569922462
-10 170 -84.845325706194
0 -150 -84.845043501171
0 -180 -84.845094581493
0 -140 -84.845611179116
0 -130 -84.845589236329
0 -120 -84.845668834544
0 -110 -84.843842996916
0 -100 -84.844128522772
0 -90 -84.845521998496
0 -80 -84.845843516295
0 -70 -84.845657497557
0 -60 -84.845354412236
0 -50 -84.844792471779
0 -20 -84.834582777862
0 10 -84.832760263213
0 -10 -84.833937441022
0 0 -84.833354845117
0 -40 -84.844128977141
0 -30 -84.843196178268
0 20 -84.832228526690
0 30 -84.831442984948
0 40 -84.830421107630
0 50 -84.831014633186
0 60 -84.829952609160
0 70 -84.827670962128
0 80 -84.828511705820
0 100 -84.835158799771
0 120 -84.853648275833
0 110 -84.834499826989
0 90 -84.837935742438
0 130 -84.842938950320
0 140 -84.843428482574
0 150 -84.844318290917
0 160 -84.845007893902
10 -160 -84.844798319646
0 170 -84.845325706194
10 -170 -84.844569922462
10 -150 -84.845043501171
10 -140 -84.845611179116
10 -180 -84.845094581493
10 -130 -84.845589236329
10 -120 -84.845668834544
10 -100 -84.844128522772
10 -110 -84.843842996916
10 -90 -84.845521998496
10 -80 -84.845843516295
10 -70 -84.845657497557
10 -60 -84.845354412236
10 -50 -84.844792471779
10 -10 -84.833937441022
10 -20 -84.834582777862
10 0 -84.833354845117
10 10 -84.832760263213
10 -40 -84.844128977141
10 -30 -84.843196178268
10 20 -84.832228526690
10 30 -84.831442984948
10 40 -84.830421107630
10 60 -84.829952609160
10 50 -84.831014633186
10 70 -84.827670962128
10 80 -84.828511705820
10 100 -84.835158799771
10 120 -84.853648275833
10 110 -84.834499826989
10 90 -84.837935742438
10 130 -84.842938950320
10 140 -84.843428482574
10 150 -84.844318290917
10 160 -84.845007893902
20 -160 -84.844798319646
20 -170 -84.844569922462
10 170 -84.845325706194
20 -180 -84.845094581493
20 -150 -84.845043501171
20 -140 -84.845611179116
20 -130 -84.845589236329
20 -120 -84.845668834544
20 -110 -84.843842996916
20 -100 -84.844128522772
20 -90 -84.845521998496
20 -80 -84.845843516295
20 -70 -84.845657497557
20 -60 -84.845354412236
20 -50 -84.844792471779
20 -10 -84.833937441022
20 -20 -84.834582777862
20 -40 -84.844128977141
20 0 -84.833354845117
20 10 -84.832760263213
20 -30 -84.843196178268
20 20 -84.832228526690
20 30 -84.831442984948
20 40 -84.830421107630
20 50 -84.831014633186
20 60 -84.829952609160
20 70 -84.827670962128
20 80 -84.828511705820
20 100 -84.835158799771
20 110 -84.834499826989
20 120 -84.853648275833
20 90 -84.837935742438
20 130 -84.842938950320
20 140 -84.843428482574
20 150 -84.844318290917
20 160 -84.845007893902
30 -170 -84.844569922462
20 170 -84.845325706194
30 -160 -84.844798319646
30 -150 -84.845043501171
30 -180 -84.845094581493
30 -140 -84.845611179116
30 -130 -84.845589236329
30 -120 -84.845668834544
30 -110 -84.843842996916
30 -100 -84.844128522772
30 -90 -84.845521998496
30 -80 -84.845843516295
30 -70 -84.845657497557
30 -50 -84.844792471779
30 -60 -84.845354412236
30 -10 -84.833937441022
30 -20 -84.834582777862
30 10 -84.832760263213
30 -40 -84.844128977141
30 0 -84.833354845117
30 -30 -84.843196178268
30 20 -84.832228526690
30 30 -84.831442984948
30 40 -84.830421107630
30 50 -84.831014633186
30 60 -84.829952609160
30 70 -84.827670962128
30 80 -84.828511705820
30 100 -84.835158799771
30 120 -84.853648275833
30 110 -84.834499826989
30 90 -84.837935742438
30 130 -84.842938950320
30 140 -84.843428482574
30 150 -84.844318290917
30 160 -84.845007893902
40 -170 -84.844569922462
40 -160 -84.844798319646
30 170 -84.845325706194
40 -150 -84.845043501171
40 -180 -84.845094581493
40 -140 -84.845611179116
40 -130 -84.845589236329
40 -120 -84.845668834544
40 -100 -84.844128522772
40 -110 -84.843842996916
40 -90 -84.845521998496
40 -80 -84.845843516295
40 -70 -84.845657497557
40 -60 -84.845354412236
40 -50 -84.844792471779
40 10 -84.832760263213
40 -10 -84.833937441022
40 -20 -84.834582777862
40 0 -84.833354845117
40 -40 -84.844128977141
40 -30 -84.843196178268
40 20 -84.832228526690
40 30 -84.831442984948
40 40 -84.830421107630
40 50 -84.831014633186
40 60 -84.829952609160
40 70 -84.827670962128
40 80 -84.828511705820
40 100 -84.835158799771
40 120 -84.853648275833
40 110 -84.834499826989
40 90 -84.837935742438
40 130 -84.842938950320
40 140 -84.843428482574
40 150 -84.844318290917
40 160 -84.845007893902
50 -170 -84.844569922462
40 170 -84.845325706194
50 -160 -84.844798319646
50 -150 -84.845043501171
50 -180 -84.845094581493
50 -140 -84.845611179116
50 -130 -84.845589236329
50 -120 -84.845668834544
50 -110 -84.843842996916
50 -100 -84.844128522772
50 -90 -84.845521998496
50 -80 -84.845843516295
50 -70 -84.845657497557
50 -60 -84.845354412236
50 -50 -84.844792471779
50 -10 -84.833937441022
50 -20 -84.834582777862
50 0 -84.833354845117
50 -40 -84.844128977141
50 10 -84.832760263213
50 -30 -84.843196178268
50 20 -84.832228526690
50 30 -84.831442984948
50 40 -84.830421107630
50 50 -84.831014633186
50 60 -84.829952609160
50 70 -84.827670962128
50 80 -84.828511705820
50 100 -84.835158799771
50 120 -84.853648275833
50 110 -84.834499826989
50 90 -84.837935742438
50 130 -84.842938950320
50 140 -84.843428482574
50 150 -84.844318290917
50 160 -84.845007893902
60 -170 -84.844569922462
50 170 -84.845325706194
60 -160 -84.844798319646
60 -150 -84.845043501171
60 -180 -84.845094581493
60 -140 -84.845611179116
60 -130 -84.845589236329
60 -120 -84.845668834544
60 -110 -84.843842996916
60 -100 -84.844128522772
60 -90 -84.845521998496
60 -80 -84.845843516295
60 -70 -84.845657497557
60 -60 -84.845354412236
60 -50 -84.844792471779
60 -10 -84.833937441022
60 -20 -84.834582777862
60 0 -84.833354845117
60 -40 -84.844128977141
60 10 -84.832760263213
60 -30 -84.843196178268
60 20 -84.832228526690
60 30 -84.831442984948
60 40 -84.830421107630
60 50 -84.831014633186
60 60 -84.829952609160
60 70 -84.827670962128
60 80 -84.828511705820
60 90 
60 120 
60 140 
60 110 
60 150 
60 100 
60 130 
60 160 
