    0.01462245
   -0.32942255
    0.24899429
   -0.35944097
    0.09347184
    0.07003721
   -0.49241765
    0.08926919
   -0.34412865
    0.24104523
   -0.35997027
    0.08563525
    0.06789552
   -0.48657097
    0.08319993
   -0.48801488
    0.09419972
   -0.50247058
    0.10017564
   -0.49140602
    0.08921633
   -0.48345259
    0.09096262
   -0.49844222
    0.06371584
    0.05520420
    0.09599168
    0.00808314
    0.04754798
    0.05617477
    0.06888410
    0.36512826
    0.04323495
    0.05207957
    0.04854431
    0.04671834
    0.07791840
    0.35340143
    0.06141308
    0.35898590
    0.03668049
    0.37090888
    0.03516487
    0.37931818
    0.07062401
    0.35201865
    0.04078123
    0.37848989
