           1           2  0.95672993297916320     
           2           3   1.0140645953532583     
           3           4  0.94807485844678618     
           4           5  0.96537547087330011     
           5           6  0.97179154887282593     
           6           7   1.0144796766339428     
           5           8  0.96266403515795262     
           8           9  0.95854996873579257     
           9          10  0.97787078818952111     
          10          11  0.97362253928359088     
          11          12  0.94711718254775557     
          12          13  0.97609648881797084     
          13          14   1.0114693491972904     
          12          15  0.96551931002623470     
          15          16   1.0036716224299107     
          15          17  0.96336777512277183     
          17          18  0.99745270631865124     
          10          19  0.95444530899589608     
          17          19  0.96971156287017646     
          19          20   1.0101317821339038     
           8          21  0.96320836119126207     
          21          22   1.0030671413850478     
           3          23  0.95895508406895025     
          21          23  0.96203362809142035     
          23          24   1.0057920626050514     
           1          25  0.98013452455688310     
           1          26  0.97803806687587058     
           1          27  0.97644523801143834     
           3          28  0.94242632714449159     
           5          29  0.95490351745088964     
           6          30  0.96637393270887229     
           6          31  0.96143537931130285     
           7          32  0.85485972707783864     
           8          33  0.95774872393359034     
          10          34  0.94740258355365448     
          12          35  0.95405835128582483     
          13          36  0.96734541656465522     
          13          37  0.96698391671367179     
          14          38  0.86082042913284817     
          15          39  0.95671771155506946     
          16          40  0.85319407775387934     
          17          41  0.95429027031964686     
          18          42  0.84258329448866520     
          19          43  0.95455096702821784     
          20          44  0.83856446331825230     
          21          45  0.95614084822029066     
          22          46  0.85745976619624042     
          23          47  0.95325277141047393     
          24          48  0.83814007054359818     
