    0.03282116
   -0.28660608
    0.24798452
   -0.34865426
    0.09182844
    0.08251192
   -0.42718729
    0.09232063
   -0.31825291
    0.23855643
   -0.34413926
    0.08237165
    0.06797900
   -0.43315690
    0.09222925
   -0.45553311
    0.10149631
   -0.44473284
    0.09921740
   -0.42147154
    0.08498660
   -0.43314256
    0.08977010
   -0.43393457
    0.04467067
    0.04262585
    0.07435880
    0.01162268
    0.04342621
    0.02861658
    0.06237344
    0.30707315
    0.03546845
    0.05726016
    0.03601698
    0.04504904
    0.06945437
    0.30231236
    0.02999264
    0.32089426
    0.03583209
    0.31860594
    0.03239213
    0.32614807
    0.07127372
    0.29462606
    0.03470596
    0.31793829
