           1           2  0.97555060145326233     
           2           3   1.0187544103776449     
           3           4  0.94496478635970926     
           4           5  0.96831774998006170     
           5           6  0.97786681088789318     
           6           7   1.0160584308439118     
           5           8  0.96094764515296938     
           8           9  0.97278567162501273     
           9          10  0.96633580958706511     
          10          11  0.98422840898915964     
          11          12  0.95733381180244459     
          12          13  0.97534009060892213     
          13          14   1.0045705210917948     
          12          15  0.96497762464178949     
          15          16   1.0026600018279401     
          15          17  0.97009676585048199     
          17          18  0.99887201611304000     
          10          19  0.95579683267720128     
          17          19  0.97067925001786881     
          19          20   1.0172679119014929     
           8          21  0.96371498080585816     
          21          22  0.99896665207280577     
           3          23  0.95893496653919785     
          21          23  0.96192895194297523     
          23          24   1.0081300807712079     
           1          25  0.98013187823394987     
           1          26  0.97738769824629501     
           1          27  0.97938034671549412     
           3          28  0.94217083197818985     
           5          29  0.95536751235590089     
           6          30  0.95998302541924885     
           6          31  0.96272106789001133     
           7          32  0.88669479280897878     
           8          33  0.95444724539394821     
          10          34  0.94326998477030788     
          12          35  0.94814264513715485     
          13          36  0.96923724521191834     
          13          37  0.96854456691426782     
          14          38  0.89429290396374450     
          15          39  0.95529385508739384     
          16          40  0.86030642208717134     
          17          41  0.95142371189361474     
          18          42  0.87913786895607693     
          19          43  0.95239322813760707     
          20          44  0.87396777796217295     
          21          45  0.95616424846360748     
          22          46  0.89404192054275855     
          23          47  0.95314750241201529     
          24          48  0.87801221694271403     
