    0.02252485
   -0.32797119
    0.24432926
   -0.34457644
    0.09731213
    0.06477638
   -0.46763544
    0.09012812
   -0.35264144
    0.23582662
   -0.33277911
    0.08175642
    0.06422395
   -0.46538352
    0.09322316
   -0.48447852
    0.10304702
   -0.48228820
    0.09217454
   -0.48009457
    0.11039568
   -0.48075698
    0.09086130
   -0.48114847
    0.05698589
    0.04679100
    0.08674667
    0.01168104
    0.04052508
    0.05786381
    0.05990410
    0.34090648
    0.07177957
    0.05240084
    0.05283040
    0.05480031
    0.06944236
    0.34817592
    0.03063185
    0.35098300
    0.02824938
    0.35365478
    0.03969649
    0.36414647
    0.03698962
    0.35705205
    0.04506309
    0.35187425
