           1           2  0.96448692880055109     
           2           3   1.0041984729904962     
           3           4  0.95344952894189161     
           4           5  0.96467825203852409     
           5           6  0.97598472139418768     
           6           7   1.0124446883425469     
           5           8  0.96648032696527275     
           8           9  0.95731789244681764     
           9          10  0.96156752421636327     
          10          11  0.99048004741417817     
          11          12  0.95188843592115591     
          12          13  0.97495584398012125     
          13          14   1.0086244296029445     
          12          15  0.96484242940871123     
          15          16   1.0046669076610888     
          15          17  0.96921912458320536     
          17          18  0.99649797883885916     
          10          19  0.95643803103522107     
          17          19  0.97125342611220278     
          19          20   1.0032747860991604     
           8          21  0.96817222825252114     
          21          22   1.0055489901122459     
           3          23  0.95418131032368636     
          21          23  0.96408844412514683     
          23          24   1.0003483680772993     
           1          25  0.98079455418784667     
           1          26  0.97843354472811028     
           1          27  0.97779122243416183     
           3          28  0.94344277847995528     
           5          29  0.95617413391615780     
           6          30  0.96392241758603991     
           6          31  0.97035560481339922     
           7          32  0.86872884525570260     
           8          33  0.94862887874118362     
          10          34  0.94660956365591054     
          12          35  0.95390463879668630     
          13          36  0.96863313071863855     
          13          37  0.96827351271493045     
          14          38  0.86572325213144707     
          15          39  0.95501614534685464     
          16          40  0.83748380230212249     
          17          41  0.94569123235742913     
          18          42  0.85813642514519328     
          19          43  0.95405473234433025     
          20          44  0.84815024946894169     
          21          45  0.94322292789773410     
          22          46  0.85576800890773697     
          23          47  0.95480993277426596     
          24          48  0.86017353153013720     
