    0.03183694
   -0.28594768
    0.24729532
   -0.34380367
    0.09724872
    0.07555475
   -0.43057142
    0.08871270
   -0.33374607
    0.24028250
   -0.33165929
    0.08725729
    0.06623047
   -0.43419717
    0.09190488
   -0.45750630
    0.10104280
   -0.44854465
    0.09382005
   -0.44449970
    0.09507694
   -0.46003294
    0.09734743
   -0.43274051
    0.04875118
    0.04067322
    0.07334282
    0.00945883
    0.02714270
    0.06096010
    0.03510026
    0.31161908
    0.05388958
    0.05768479
    0.03785532
    0.05074149
    0.07048054
    0.30105970
    0.03025248
    0.32175250
    0.04356104
    0.31843297
    0.03898570
    0.33103461
    0.02996844
    0.32771289
    0.04796223
    0.32121612
