           1           2  0.97529813682666888     
           2           3   1.0193563277308111     
           3           4  0.94214969766164414     
           4           5  0.97449993561208759     
           5           6  0.97390650954112279     
           6           7   1.0200125298019749     
           5           8  0.96360913138888671     
           8           9  0.95652264052342217     
           9          10  0.98372367350706902     
          10          11  0.97403769712741717     
          11          12  0.96521292401961523     
          12          13  0.97692606997672460     
          13          14   1.0023411975900303     
          12          15  0.96343080984061136     
          15          16   1.0029379044972457     
          15          17  0.97048052559936082     
          17          18  0.99630801994807716     
          10          19  0.95312116598867946     
          17          19  0.97426510862392601     
          19          20  0.99652598238470469     
           8          21  0.96388238224897438     
          21          22   1.0063326551351237     
           3          23  0.96073080552940415     
          21          23  0.96645522978955700     
          23          24   1.0084654274406728     
           1          25  0.98009366406282350     
           1          26  0.97758183125046916     
           1          27  0.97966065173169536     
           3          28  0.94246626174862991     
           5          29  0.95680119695691324     
           6          30  0.96809523931509300     
           6          31  0.96613954232589583     
           7          32  0.88201317661514245     
           8          33  0.95408360591430641     
          10          34  0.94601291251276332     
          12          35  0.95532477235246194     
          13          36  0.96873302593230159     
          13          37  0.96837853584556133     
          14          38  0.89520664857418941     
          15          39  0.95522931436755221     
          16          40  0.85808707396118256     
          17          41  0.95433129958757423     
          18          42  0.87956089586692299     
          19          43  0.95580791686896149     
          20          44  0.86847538228436927     
          21          45  0.95563973316277540     
          22          46  0.84580700179149559     
          23          47  0.95491434480914272     
          24          48  0.87862305059150980     
