    0.01364202
   -0.33380637
    0.24066078
   -0.35558344
    0.09428266
    0.07371005
   -0.48677000
    0.09619035
   -0.34378269
    0.23771840
   -0.35520761
    0.08661254
    0.06740580
   -0.48623070
    0.08282821
   -0.48790528
    0.09455907
   -0.50271154
    0.09840748
   -0.49052932
    0.10480325
   -0.49281768
    0.08784357
   -0.49454261
    0.06258480
    0.05607178
    0.09682708
    0.00541889
    0.04520591
    0.04952624
    0.06700033
    0.36133526
    0.04786475
    0.05643317
    0.04582206
    0.04811345
    0.07888149
    0.35154448
    0.06231385
    0.35895709
    0.03524494
    0.37067423
    0.03394433
    0.37847262
    0.04514364
    0.37343930
    0.04561179
    0.37479158
