           1           2  0.95587410571259024     
           2           3   1.0098431530634917     
           3           4  0.95038957297533488     
           4           5  0.96576882747371884     
           5           6  0.97483882618357720     
           6           7   1.0146133079214914     
           5           8  0.96275768755724866     
           8           9  0.96257026472711860     
           9          10  0.97415294609444403     
          10          11  0.97572733023473190     
          11          12  0.94842529168226708     
          12          13  0.97641977334683538     
          13          14   1.0110130522287393     
          12          15  0.96458517123159682     
          15          16   1.0035950220400214     
          15          17  0.96453774275380910     
          17          18  0.99691211864847562     
          10          19  0.95297060994362426     
          17          19  0.96907001607836785     
          19          20   1.0105451787913482     
           8          21  0.97045308206357639     
          21          22   1.0042688235036210     
           3          23  0.95190783335533435     
          21          23  0.96606051182623442     
          23          24   1.0047635000550630     
           1          25  0.98075604288098994     
           1          26  0.97816418198814747     
           1          27  0.97615463390223467     
           3          28  0.94172736419510028     
           5          29  0.95430375771338349     
           6          30  0.96671112233501511     
           6          31  0.96453473033057280     
           7          32  0.85680903934074870     
           8          33  0.95531566627150144     
          10          34  0.94767200849494559     
          12          35  0.95601540807152119     
          13          36  0.96709722889823702     
          13          37  0.96666685987084311     
          14          38  0.86215557312831803     
          15          39  0.95678710347132345     
          16          40  0.85336688187200760     
          17          41  0.95412883669474158     
          18          42  0.84278332056783600     
          19          43  0.95499266455824317     
          20          44  0.83906346274275245     
          21          45  0.95655913545438787     
          22          46  0.84469588261241513     
          23          47  0.95626101504479755     
          24          48  0.84264258986378326     
