    0.03510790
   -0.31495585
    0.24172129
   -0.35241229
    0.09197948
    0.06640701
   -0.42620041
    0.08103727
   -0.33704920
    0.23793633
   -0.31961889
    0.07685020
    0.07090195
   -0.43048355
    0.08094145
   -0.44231908
    0.09109930
   -0.45229491
    0.09145628
   -0.44615429
    0.10472873
   -0.44012867
    0.09152715
   -0.44782621
    0.05070211
    0.03999590
    0.06999040
    0.02006782
    0.04964379
    0.04498783
    0.06186313
    0.30419041
    0.06755212
    0.04709104
    0.06290166
    0.04025326
    0.06754246
    0.30550894
    0.05886617
    0.30477942
    0.03594454
    0.31246526
    0.03644127
    0.32656395
    0.07020679
    0.31249612
    0.04954414
    0.30815050
