           1           2  0.97265171937351824     
           2           3   1.0065395936299308     
           3           4  0.94859710631531968     
           4           5  0.95748616325269875     
           5           6  0.97920255136115308     
           6           7   1.0148528618568873     
           5           8  0.96470788840984667     
           8           9  0.96270254415328149     
           9          10  0.96576980246820199     
          10          11  0.99459586168302705     
          11          12  0.95049110985691687     
          12          13  0.97936867837198527     
          13          14   1.0140909015199651     
          12          15  0.96500230359347894     
          15          16  0.99993613285781402     
          15          17  0.96555101139873245     
          17          18  0.99249253355388256     
          10          19  0.95285866230564054     
          17          19  0.97174392263201437     
          19          20   1.0040718872251457     
           8          21  0.95812964746062068     
          21          22   1.0111835542527514     
           3          23  0.95300192855192045     
          21          23  0.96790886642973128     
          23          24  0.99480839323940284     
           1          25  0.98036418787855450     
           1          26  0.97829432726529897     
           1          27  0.98008274664392458     
           3          28  0.94362086737602380     
           5          29  0.95603735725515659     
           6          30  0.96213752851099588     
           6          31  0.96957730937411601     
           7          32  0.89025527110406644     
           8          33  0.95507554649074955     
          10          34  0.94761655240914422     
          12          35  0.95002892631775049     
          13          36  0.96598861828418370     
          13          37  0.96839116735625186     
          14          38  0.89054749554980728     
          15          39  0.95786207657431111     
          16          40  0.88779921525128980     
          17          41  0.94304994738571324     
          18          42  0.88178911126238524     
          19          43  0.95455012508222248     
          20          44  0.87256664936947115     
          21          45  0.94764477502494560     
          22          46  0.87158566247193281     
          23          47  0.95548408709922927     
          24          48  0.88880920707079225     
