    0.03294022
   -0.28693416
    0.24821578
   -0.34345147
    0.09331076
    0.07107025
   -0.43003383
    0.08909067
   -0.30414440
    0.24563553
   -0.33897785
    0.07760011
    0.06741511
   -0.43538474
    0.07882351
   -0.43641590
    0.09306451
   -0.44609524
    0.08640858
   -0.43684855
    0.08830235
   -0.45501348
    0.09008852
   -0.43321264
    0.04630561
    0.04130439
    0.07333637
    0.00921655
    0.03732526
    0.05158033
    0.07010127
    0.30365681
    0.05761205
    0.03217555
    0.06327458
    0.02540455
    0.06505627
    0.31856655
    0.05234326
    0.30065569
    0.03386831
    0.31397804
    0.04383950
    0.31469732
    0.06229776
    0.31321571
    0.03836138
    0.31637325
