           1           2  0.97584796850975186     
           2           3   1.0174259555320735     
           3           4  0.94955937260969658     
           4           5  0.96792674021799330     
           5           6  0.97702503434274302     
           6           7   1.0127243746064059     
           5           8  0.96241340664932828     
           8           9  0.95607281888785278     
           9          10   1.0046233172820207     
          10          11  0.96225750088761175     
          11          12  0.95882746296729915     
          12          13  0.96854870503717860     
          13          14   1.0229117356893942     
          12          15  0.96494747602068542     
          15          16   1.0011295640428741     
          15          17  0.96366128510730431     
          17          18   1.0037723985871516     
          10          19  0.94713980749676230     
          17          19  0.96035159457355102     
          19          20   1.0058224480494815     
           8          21  0.97036879815424626     
          21          22  0.99134545797080642     
           3          23  0.95863851180461279     
          21          23  0.96037115044732901     
          23          24   1.0075810688966127     
           1          25  0.98000896787076208     
           1          26  0.97739220816662820     
           1          27  0.97955341506980664     
           3          28  0.94122102770367522     
           5          29  0.95552643902849055     
           6          30  0.96405070600838161     
           6          31  0.96799173170514041     
           7          32  0.88946919684385939     
           8          33  0.95557686238203621     
          10          34  0.94658419262526194     
          12          35  0.95652269457483385     
          13          36  0.96451294444197710     
          13          37  0.96748376009837134     
          14          38  0.87071261108534548     
          15          39  0.95755099056861848     
          16          40  0.88996007346121542     
          17          41  0.95353803243394364     
          18          42  0.87732993878751730     
          19          43  0.95921517138380574     
          20          44  0.88492187568861125     
          21          45  0.95766255936079758     
          22          46  0.87152189508231048     
          23          47  0.95455186003763659     
          24          48  0.88062701658607656     
