    0.01479723
   -0.32895727
    0.24917741
   -0.35938727
    0.09337841
    0.07912981
   -0.48580111
    0.09275213
   -0.35383094
    0.23801099
   -0.35085932
    0.08045506
    0.06530600
   -0.49107367
    0.08322088
   -0.48360966
    0.09694727
   -0.50161376
    0.09994526
   -0.49227507
    0.08905683
   -0.48590122
    0.09059442
   -0.49925860
    0.06228835
    0.05577253
    0.09679971
    0.00960021
    0.04287968
    0.05064133
    0.06103940
    0.35868745
    0.04788523
    0.05520664
    0.04750917
    0.05107493
    0.08123677
    0.35643905
    0.06456968
    0.35792457
    0.02775583
    0.37293688
    0.03813264
    0.38210006
    0.06605723
    0.35283016
    0.04166042
    0.37876828
