           1           2  0.95669323338305068     
           2           3   1.0149161839387046     
           3           4  0.94788395493867417     
           4           5  0.96338956804522236     
           5           6  0.97714955252927482     
           6           7   1.0125425858547501     
           5           8  0.96140246469434110     
           8           9  0.96566637630559460     
           9          10  0.95195693595461517     
          10          11  0.99809061838699331     
          11          12  0.94009686771823564     
          12          13  0.97535709643300894     
          13          14   1.0108476352345968     
          12          15  0.96619737655639593     
          15          16   1.0051660390396246     
          15          17  0.96341948425773005     
          17          18  0.99915364971198539     
          10          19  0.95631860718393957     
          17          19  0.96903273468347273     
          19          20   1.0109595631322821     
           8          21  0.96243325190027096     
          21          22   1.0015747186821324     
           3          23  0.95829017852932685     
          21          23  0.96245077435331694     
          23          24   1.0054408440434803     
           1          25  0.98025278839964836     
           1          26  0.97802469948845649     
           1          27  0.97622368292836303     
           3          28  0.94230320412297752     
           5          29  0.95558865717849839     
           6          30  0.96144430151511195     
           6          31  0.95981981834168850     
           7          32  0.85727468543827334     
           8          33  0.95485998559613361     
          10          34  0.94438780129573185     
          12          35  0.94952189898905126     
          13          36  0.96772737315002000     
          13          37  0.96505903205731514     
          14          38  0.86045566359306269     
          15          39  0.95607985352773672     
          16          40  0.85381053354336034     
          17          41  0.94946716996986869     
          18          42  0.83999209325366953     
          19          43  0.95383099868550991     
          20          44  0.83645711102859377     
          21          45  0.95711799747868676     
          22          46  0.85724410996582723     
          23          47  0.95313763735776769     
          24          48  0.83837697172222769     
