    0.01516279
   -0.33039554
    0.24855817
   -0.35777090
    0.09554318
    0.07444535
   -0.48575392
    0.08859671
   -0.35221004
    0.23631605
   -0.34751766
    0.08463774
    0.06647013
   -0.48772443
    0.08290311
   -0.48768763
    0.09609075
   -0.50139840
    0.09355055
   -0.48991688
    0.09742926
   -0.49622700
    0.09726776
   -0.49682354
    0.06228679
    0.05589818
    0.09665698
    0.00903225
    0.04264042
    0.04723877
    0.06829570
    0.35810984
    0.04563659
    0.05798337
    0.05010586
    0.05031124
    0.07993244
    0.35157183
    0.06411296
    0.35945630
    0.03543934
    0.37138533
    0.04491280
    0.38862454
    0.03660993
    0.35111758
    0.04718692
    0.38190843
