           1           2  0.95657833847857054     
           2           3   1.0140583245268466     
           3           4  0.94757700107607790     
           4           5  0.96646652951393885     
           5           6  0.97514226678228633     
           6           7   1.0138980666820963     
           5           8  0.96093716094397497     
           8           9  0.95867162325679223     
           9          10  0.96814248544664194     
          10          11  0.98288916066211418     
          11          12  0.94707644016607306     
          12          13  0.97696084968917973     
          13          14   1.0105661554578855     
          12          15  0.96391235206062698     
          15          16   1.0048923678370605     
          15          17  0.96365344087092952     
          17          18  0.99774412850050909     
          10          19  0.95299371720637871     
          17          19  0.97104506256346401     
          19          20  0.99644372870571285     
           8          21  0.96471197117661545     
          21          22   1.0066565861543124     
           3          23  0.96059286532621113     
          21          23  0.96326360131119482     
          23          24   1.0072527279705910     
           1          25  0.98026448786040477     
           1          26  0.97797555942624148     
           1          27  0.97629585684519893     
           3          28  0.94170587710737286     
           5          29  0.95515442369891113     
           6          30  0.96678692978793457     
           6          31  0.96671756445129897     
           7          32  0.85819534800160313     
           8          33  0.95579086752388043     
          10          34  0.94688958010572155     
          12          35  0.95686580852378145     
          13          36  0.96681910125992865     
          13          37  0.96574104567665053     
          14          38  0.86293829829832402     
          15          39  0.95657577595206822     
          16          40  0.85292759245949556     
          17          41  0.95366806568504758     
          18          42  0.84220048353719168     
          19          43  0.95534619120250941     
          20          44  0.82842775741343466     
          21          45  0.95518718403678005     
          22          46  0.81304594735134716     
          23          47  0.95629999360021234     
          24          48  0.83859975358914751     
