    0.03218730
   -0.28373642
    0.24710070
   -0.34536991
    0.09302678
    0.06309992
   -0.43888621
    0.08899855
   -0.33055191
    0.24185539
   -0.34041299
    0.08316023
    0.06833222
   -0.44333852
    0.08196879
   -0.43685621
    0.09272867
   -0.45051023
    0.09617303
   -0.44290923
    0.09796393
   -0.44915600
    0.09615034
   -0.43051318
    0.04819540
    0.03996488
    0.07384892
    0.00825383
    0.03616557
    0.04987300
    0.07763891
    0.30385340
    0.03891769
    0.04605339
    0.04508507
    0.04689963
    0.06920499
    0.31984468
    0.05854260
    0.30366327
    0.03445308
    0.31586499
    0.03819452
    0.32650326
    0.03368459
    0.32487398
    0.04881890
    0.32109640
