           1           2  0.97560292870238807     
           2           3   1.0201379435147111     
           3           4  0.94443619962702385     
           4           5  0.97425307062330002     
           5           6  0.97551343316285077     
           6           7   1.0039214807521404     
           5           8  0.96105591288243053     
           8           9  0.96009563547532506     
           9          10  0.98223800707534292     
          10          11  0.97638442933705860     
          11          12  0.95183081489791543     
          12          13  0.97150866072645914     
          13          14   1.0227395990332067     
          12          15  0.96733547114018892     
          15          16   1.0016135063077454     
          15          17  0.96233086760282527     
          17          18  0.99693066861670143     
          10          19  0.95346736377844299     
          17          19  0.97182338512008681     
          19          20   1.0015221367029137     
           8          21  0.96513680900007370     
          21          22   1.0053002025020910     
           3          23  0.95903996686730586     
          21          23  0.96782070306872325     
          23          24   1.0090652178816135     
           1          25  0.97999344259421028     
           1          26  0.97749115091915495     
           1          27  0.97956418135996537     
           3          28  0.94187759737209287     
           5          29  0.95454878069292071     
           6          30  0.96710244204916029     
           6          31  0.95789505364634042     
           7          32  0.89148170075092326     
           8          33  0.95577689500618990     
          10          34  0.94590959546481113     
          12          35  0.95439457521366511     
          13          36  0.96507485840024598     
          13          37  0.96681487967981972     
          14          38  0.86639375984391731     
          15          39  0.95784955196783550     
          16          40  0.88960655115144571     
          17          41  0.95379897952399417     
          18          42  0.87778545617832049     
          19          43  0.95640284690607014     
          20          44  0.87530416923781773     
          21          45  0.95427589204552454     
          22          46  0.86400103640909254     
          23          47  0.95492729160125978     
          24          48  0.87963519806221036     
