    0.03024747
   -0.28632777
    0.24708494
   -0.32852911
    0.09668608
    0.07196699
   -0.41939774
    0.08362487
   -0.33200522
    0.24035797
   -0.31857993
    0.08330263
    0.06671719
   -0.43365671
    0.09264299
   -0.45558956
    0.09467204
   -0.45077843
    0.08975486
   -0.44733580
    0.09195444
   -0.46221980
    0.08888006
   -0.43452189
    0.05744621
    0.03850120
    0.07152695
    0.00655470
    0.02371306
    0.07256741
    0.03890363
    0.29185845
    0.04553894
    0.04619999
    0.04923111
    0.04996584
    0.06962643
    0.30195244
    0.02949430
    0.32087782
    0.06027602
    0.31723365
    0.03940588
    0.33165273
    0.04932170
    0.32158427
    0.03876221
    0.31885449
