           1           2  0.97301718811349847     
           2           3   1.0197118097705711     
           3           4  0.94678321441600755     
           4           5  0.98414365314062002     
           5           6  0.97566502066434890     
           6           7   1.0150439839862837     
           5           8  0.95500871957309053     
           8           9  0.96016312029247053     
           9          10  0.97074904241126858     
          10          11  0.99170797857620985     
          11          12  0.95817050612541921     
          12          13  0.97741618749610326     
          13          14   1.0032123737839704     
          12          15  0.96364613450824421     
          15          16   1.0040010268415938     
          15          17  0.96955764832353608     
          17          18  0.99387637096361492     
          10          19  0.95265616673161513     
          17          19  0.97390822989783210     
          19          20  0.99167033481323430     
           8          21  0.96907960165722329     
          21          22   1.0054017878029520     
           3          23  0.95957953256730455     
          21          23  0.95706503408273469     
          23          24   1.0090201895093327     
           1          25  0.97958147444302490     
           1          26  0.97800377369470737     
           1          27  0.98007487889469225     
           3          28  0.94071600690390933     
           5          29  0.95225176033139569     
           6          30  0.96803868211669220     
           6          31  0.96431293244194916     
           7          32  0.89861139960411895     
           8          33  0.95905031174617561     
          10          34  0.94689281134888170     
          12          35  0.95661562130288891     
          13          36  0.96882731048850790     
          13          37  0.96845667339342856     
          14          38  0.89451308737905788     
          15          39  0.95505108890923973     
          16          40  0.85917239625907282     
          17          41  0.94983355775932266     
          18          42  0.88154210247227660     
          19          43  0.95652744725411720     
          20          44  0.87017530022546608     
          21          45  0.95761829432663537     
          22          46  0.83921080274675086     
          23          47  0.95452188559137296     
          24          48  0.87545889237174157     
