    0.03157133
   -0.28324471
    0.24770438
   -0.34487618
    0.09392338
    0.06716149
   -0.44079185
    0.09152770
   -0.31706984
    0.24295881
   -0.34856378
    0.08114431
    0.06843868
   -0.44529695
    0.09037965
   -0.45688801
    0.09826186
   -0.44789616
    0.09940677
   -0.42852080
    0.08453430
   -0.42696632
    0.08934625
   -0.43297190
    0.04874129
    0.04057793
    0.07448488
    0.00846971
    0.04169531
    0.05443986
    0.07212749
    0.30058313
    0.02946268
    0.04556241
    0.05936506
    0.04602627
    0.06023541
    0.31578356
    0.02936745
    0.32110409
    0.04410428
    0.31610411
    0.03368781
    0.32387890
    0.07402965
    0.29268629
    0.03525865
    0.31895138
