           1           2  0.97490668305262274     
           2           3   1.0211344533916089     
           3           4  0.94227110444132223     
           4           5  0.97794532830334857     
           5           6  0.97318737820876722     
           6           7   1.0042212803413166     
           5           8  0.95955595408441852     
           8           9  0.96812817665256945     
           9          10  0.98449413724245138     
          10          11  0.96625378528571282     
          11          12  0.95854370370996012     
          12          13  0.97803286116407318     
          13          14   1.0073846579350851     
          12          15  0.96858833521200538     
          15          16   1.0001579293422582     
          15          17  0.96931773907973695     
          17          18  0.99568583191282978     
          10          19  0.95453114210657375     
          17          19  0.97149882956354194     
          19          20   1.0130441595584672     
           8          21  0.96496264348348160     
          21          22   1.0017648621544326     
           3          23  0.95927557188248691     
          21          23  0.96081588095549353     
          23          24   1.0092811700302056     
           1          25  0.98006756293772834     
           1          26  0.97750159007527893     
           1          27  0.97950115950564476     
           3          28  0.94189381958451757     
           5          29  0.95356376840079637     
           6          30  0.96657038843469789     
           6          31  0.96457645125150826     
           7          32  0.89468391584106133     
           8          33  0.95703877039384710     
          10          34  0.94941896316711305     
          12          35  0.94816644773482628     
          13          36  0.96639441219279054     
          13          37  0.96957065067958692     
          14          38  0.87746791841646621     
          15          39  0.95472584064353305     
          16          40  0.86381455140512819     
          17          41  0.95491457484575770     
          18          42  0.88201700532783700     
          19          43  0.95328988058695596     
          20          44  0.87586350911748057     
          21          45  0.95529295336163844     
          22          46  0.89500490520500731     
          23          47  0.95320208133683360     
          24          48  0.87632636986514523     
