    0.02444119
   -0.35006960
    0.23436108
   -0.34292568
    0.09339052
    0.07570344
   -0.47097621
    0.09362996
   -0.34559969
    0.24100579
   -0.33137646
    0.08289959
    0.06368586
   -0.46832469
    0.09360831
   -0.48325930
    0.10008817
   -0.48095027
    0.09197379
   -0.47457061
    0.10507864
   -0.47086545
    0.08747450
   -0.48040788
    0.05336449
    0.05146023
    0.08435059
    0.03154395
    0.05371561
    0.03274289
    0.06289963
    0.34400328
    0.05319493
    0.04184506
    0.05061760
    0.05611852
    0.06945610
    0.35002963
    0.02909762
    0.34960817
    0.04514193
    0.35108052
    0.03649931
    0.36287889
    0.06325735
    0.33702762
    0.04939876
    0.35265235
