           1           2  0.96598127860183836     
           2           3  0.98340971266902022     
           3           4  0.97287747210415809     
           4           5  0.95806249026585255     
           5           6  0.97911899194136209     
           6           7   1.0126169030619465     
           5           8  0.96713991845265890     
           8           9  0.95882038517913104     
           9          10  0.96550490216761586     
          10          11  0.99315696685444899     
          11          12  0.95058422573543067     
          12          13  0.97509871443021945     
          13          14   1.0086289518585976     
          12          15  0.96475447399793968     
          15          16   1.0044004082241536     
          15          17  0.96796377755519680     
          17          18  0.99651036935121540     
          10          19  0.95364382407392778     
          17          19  0.97254707399791196     
          19          20  0.99899327282991435     
           8          21  0.96754633114608213     
          21          22   1.0125007942463298     
           3          23  0.95699337324414224     
          21          23  0.95661601538733654     
          23          24   1.0036953690314872     
           1          25  0.98004706616470727     
           1          26  0.97766735070403432     
           1          27  0.97800784674409980     
           3          28  0.94370083442584896     
           5          29  0.95673608996027282     
           6          30  0.96668745100104370     
           6          31  0.96870894086939319     
           7          32  0.86660044036566530     
           8          33  0.95476648395919506     
          10          34  0.94763990618712834     
          12          35  0.95773766085614853     
          13          36  0.96878261271470811     
          13          37  0.96811486945903802     
          14          38  0.86472870796532475     
          15          39  0.95522027666888942     
          16          40  0.84047129000697796     
          17          41  0.95385373079997082     
          18          42  0.86028217655697614     
          19          43  0.95526099816009191     
          20          44  0.84965225271090539     
          21          45  0.95442136657248411     
          22          46  0.84297356248321786     
          23          47  0.95765970462959737     
          24          48  0.85920840395418341     
