    0.01811459
   -0.36446049
    0.24257980
   -0.34873641
    0.09210179
    0.07518388
   -0.49369843
    0.08824573
   -0.33847001
    0.23552313
   -0.36236839
    0.08175551
    0.06634089
   -0.49179776
    0.08344630
   -0.49051330
    0.08747450
   -0.50891815
    0.08465068
   -0.47863233
    0.09166732
   -0.47987789
    0.08901505
   -0.50480856
    0.05769830
    0.05479210
    0.09212814
    0.04062457
    0.05934430
    0.04007018
    0.05961054
    0.36341672
    0.06654111
    0.04605719
    0.06250455
    0.03642089
    0.07500101
    0.35463252
    0.05840114
    0.36276182
    0.05179349
    0.37715024
    0.06744544
    0.34705452
    0.06886661
    0.34837147
    0.05202370
    0.38347196
