           1           2  0.96021278086234418     
           2           3  0.97472497957360971     
           3           4  0.97782825510449256     
           4           5  0.95300153759755701     
           5           6  0.97938811041281060     
           6           7   1.0109929372244064     
           5           8  0.97097144006771086     
           8           9  0.94655944680104553     
           9          10   1.0022531099072667     
          10          11  0.95200523549248173     
          11          12  0.94810895057074407     
          12          13  0.97530080058622803     
          13          14   1.0098787191605156     
          12          15  0.96699780943149660     
          15          16   1.0061763100952770     
          15          17  0.95917809721364611     
          17          18   1.0017509158551847     
          10          19  0.95266433233769066     
          17          19  0.96109282755415681     
          19          20   1.0040800715056126     
           8          21  0.96166724432383421     
          21          22   1.0086469724011611     
           3          23  0.96391059739096219     
          21          23  0.95479382962950909     
          23          24   1.0059165316596492     
           1          25  0.98026877515746969     
           1          26  0.97815549076678787     
           1          27  0.97668102653208044     
           3          28  0.94541498118450684     
           5          29  0.95581605799865410     
           6          30  0.96578483851753161     
           6          31  0.96785539412234833     
           7          32  0.85299419970846790     
           8          33  0.95083773911785208     
          10          34  0.94456015684949435     
          12          35  0.95555075563265790     
          13          36  0.96750458896367175     
          13          37  0.96611137193826768     
          14          38  0.86033165686586810     
          15          39  0.95605193779634967     
          16          40  0.84956343101185439     
          17          41  0.95457665784568235     
          18          42  0.84158463216309198     
          19          43  0.95552217221725044     
          20          44  0.85594753774260890     
          21          45  0.95690727944270493     
          22          46  0.85408561026233443     
          23          47  0.95696478332574508     
          24          48  0.83810376067350123     
