    0.01951537
   -0.32052229
    0.24154615
   -0.34668637
    0.09338893
    0.07344958
   -0.46408591
    0.09552747
   -0.33264941
    0.23961536
   -0.35002771
    0.08637105
    0.06895260
   -0.46411167
    0.08036737
   -0.46761625
    0.09363371
   -0.48245514
    0.10144778
   -0.47079036
    0.10619437
   -0.47667061
    0.08777172
   -0.47549276
    0.05990489
    0.05139336
    0.08964699
   -0.00006737
    0.04327172
    0.04558535
    0.06802823
    0.34088550
    0.04553482
    0.05259836
    0.04015931
    0.04508580
    0.07544861
    0.33503935
    0.06120591
    0.33976721
    0.03444960
    0.35227282
    0.03076298
    0.35962575
    0.04240257
    0.35428828
    0.04234194
    0.35369503
