           1           2  0.96065894110689964     
           2           3   1.0113636034775937     
           3           4  0.95290696799469643     
           4           5  0.96705210548437237     
           5           6  0.97475654699296754     
           6           7   1.0156258278475641     
           5           8  0.96413985275891334     
           8           9  0.96361631983686313     
           9          10  0.97898916954006221     
          10          11  0.97479490159628757     
          11          12  0.95203282865553529     
          12          13  0.97585111997490270     
          13          14   1.0134589238284801     
          12          15  0.96441621098768626     
          15          16   1.0041654961105033     
          15          17  0.96412512719668175     
          17          18  0.99776930106434591     
          10          19  0.95417667646164006     
          17          19  0.96976865714076566     
          19          20   1.0104969007839038     
           8          21  0.96990073333124149     
          21          22   1.0025707552181635     
           3          23  0.95214349520348296     
          21          23  0.96779093720157150     
          23          24   1.0037879563812060     
           1          25  0.98061707447538238     
           1          26  0.97815743009336154     
           1          27  0.97731385679089922     
           3          28  0.94140068403486299     
           5          29  0.95464176559972658     
           6          30  0.96630998506206367     
           6          31  0.96142123416140923     
           7          32  0.87034577568916949     
           8          33  0.95778137184182532     
          10          34  0.94756235722990401     
          12          35  0.95275357641250358     
          13          36  0.96688311664926363     
          13          37  0.96744445382176603     
          14          38  0.87258225753911633     
          15          39  0.95673351666771600     
          16          40  0.86640579654515304     
          17          41  0.95408246768081872     
          18          42  0.85546632531893385     
          19          43  0.95490333911164116     
          20          44  0.85270026923094999     
          21          45  0.95674574891976871     
          22          46  0.85853681538575366     
          23          47  0.95603810015369795     
          24          48  0.85713041336029772     
