    0.03002369
   -0.28586512
    0.24603886
   -0.33629317
    0.09400114
    0.06826895
   -0.43696840
    0.08257766
   -0.32165768
    0.23662992
   -0.36077349
    0.08897083
    0.06470860
   -0.43388566
    0.09167693
   -0.45448588
    0.09110044
   -0.44073894
    0.07922080
   -0.42984111
    0.09422064
   -0.45979649
    0.09580545
   -0.43131823
    0.05375567
    0.04069127
    0.07243688
    0.01191842
    0.03654029
    0.07285353
    0.04878035
    0.30025140
    0.06136156
    0.04535818
    0.03354294
    0.04883540
    0.06547671
    0.30297019
    0.02941268
    0.32174213
    0.05630772
    0.31475452
    0.09120145
    0.30072507
    0.03624073
    0.31722116
    0.04786503
    0.31813699
