           1           2  0.97373571668576042     
           2           3   1.0196383521593584     
           3           4  0.94654125594321548     
           4           5  0.97944179781511354     
           5           6  0.97618699984398571     
           6           7   1.0120202610879647     
           5           8  0.96296443949672006     
           8           9  0.93794016418759285     
           9          10   1.0095221755717305     
          10          11  0.93681721809529572     
          11          12  0.95570080687502423     
          12          13  0.97112805774259492     
          13          14   1.0042046496520411     
          12          15  0.96774111289521603     
          15          16   1.0069079394839922     
          15          17  0.96358849011951353     
          17          18   1.0047722579700562     
          10          19  0.95159754011153985     
          17          19  0.96207040472373917     
          19          20   1.0076357527787350     
           8          21  0.97125074214925033     
          21          22  0.99840904116816764     
           3          23  0.95916839208563742     
          21          23  0.96498826680271066     
          23          24   1.0079497221815550     
           1          25  0.97985077257321296     
           1          26  0.97776679354214968     
           1          27  0.97989625188006479     
           3          28  0.94070474898642154     
           5          29  0.95351593341782581     
           6          30  0.96763598140639284     
           6          31  0.96392037920952700     
           7          32  0.88106360335494749     
           8          33  0.95543936335965318     
          10          34  0.94554893335929957     
          12          35  0.95530436433650245     
          13          36  0.96926986591474240     
          13          37  0.96874072361030794     
          14          38  0.89431086989842634     
          15          39  0.95482932592533487     
          16          40  0.85802532740300297     
          17          41  0.95537667993737951     
          18          42  0.88510132016482668     
          19          43  0.94989356649347867     
          20          44  0.88645709562777519     
          21          45  0.95500216236383917     
          22          46  0.85770146072582143     
          23          47  0.95540254756124399     
          24          48  0.88190222470849189     
