    0.01522897
   -0.32881837
    0.24888968
   -0.35795479
    0.09301719
    0.07191344
   -0.48796677
    0.08982575
   -0.33593487
    0.23409914
   -0.35340681
    0.07760724
    0.06520482
   -0.48227929
    0.08147485
   -0.49128874
    0.08965680
   -0.50657644
    0.08219765
   -0.48130598
    0.08970360
   -0.47629421
    0.09045362
   -0.50032647
    0.06141693
    0.05503979
    0.09642500
    0.00864422
    0.04191225
    0.05760019
    0.06681018
    0.35581183
    0.05889097
    0.04696153
    0.07837237
    0.03036217
    0.07310733
    0.34344903
    0.05676202
    0.36330726
    0.04867677
    0.37372894
    0.06973744
    0.34866049
    0.06612959
    0.34817183
    0.04264934
    0.38025250
