           1           2  0.95767631800471364     
           2           3   1.0138931500081363     
           3           4  0.94901045838040565     
           4           5  0.96338218628382311     
           5           6  0.97629192438213563     
           6           7   1.0107821198051554     
           5           8  0.96377364187624148     
           8           9  0.95465692396218915     
           9          10  0.99043509324660040     
          10          11  0.96085124478441108     
          11          12  0.95038894611395863     
          12          13  0.97276974472492428     
          13          14   1.0118364577940104     
          12          15  0.96481600728502259     
          15          16   1.0062813357597771     
          15          17  0.95869707839762142     
          17          18   1.0021106309089736     
          10          19  0.94815087534468245     
          17          19  0.96001018888276801     
          19          20   1.0066597859942275     
           8          21  0.96530334336288426     
          21          22   1.0000110295032409     
           3          23  0.95814245144770693     
          21          23  0.96099972894057772     
          23          24   1.0056626940330713     
           1          25  0.98037962526197198     
           1          26  0.97803723094250827     
           1          27  0.97627538406177128     
           3          28  0.94238109395829683     
           5          29  0.95564556064690431     
           6          30  0.96510395919425340     
           6          31  0.96689515681722871     
           7          32  0.85942191446518901     
           8          33  0.95544466076487966     
          10          34  0.94638005456340601     
          12          35  0.95565675716281717     
          13          36  0.96670571918171833     
          13          37  0.96763802655922770     
          14          38  0.85843156571972179     
          15          39  0.95624153069284201     
          16          40  0.84921443622994341     
          17          41  0.95459883573409254     
          18          42  0.84259862394677376     
          19          43  0.95697105928134496     
          20          44  0.85615923396576865     
          21          45  0.95733425828180008     
          22          46  0.85808623518505789     
          23          47  0.95398553603315683     
          24          48  0.83782920364119184     
