    0.02977379
   -0.28572779
    0.24574655
   -0.33679552
    0.09332839
    0.07157963
   -0.43523432
    0.07663013
   -0.32120470
    0.23581089
   -0.36274670
    0.08859743
    0.06536824
   -0.43412510
    0.09193189
   -0.45437428
    0.09124348
   -0.44151967
    0.08301635
   -0.43216156
    0.09584708
   -0.46082160
    0.09562402
   -0.43149754
    0.05381608
    0.04073473
    0.07273373
    0.01278638
    0.03680890
    0.07366515
    0.03860905
    0.30128476
    0.06960087
    0.04576109
    0.03328159
    0.04816390
    0.06619435
    0.30276210
    0.02948257
    0.32173423
    0.05870021
    0.31505162
    0.08474793
    0.30648698
    0.03394987
    0.31775289
    0.04986469
    0.31773726
