           1           2  0.97361829671641864     
           2           3   1.0197180675882767     
           3           4  0.94628946580023510     
           4           5  0.97875132925371178     
           5           6  0.97594975701153086     
           6           7   1.0144125209737320     
           5           8  0.96368240571473174     
           8           9  0.93644042907296765     
           9          10   1.0128997628208412     
          10          11  0.93063638557647477     
          11          12  0.95699105620203162     
          12          13  0.97142287465417398     
          13          14   1.0039750723982139     
          12          15  0.96783898001616109     
          15          16   1.0070973486447377     
          15          17  0.96355255286824293     
          17          18   1.0045872303616168     
          10          19  0.95678287553908214     
          17          19  0.96104955907847389     
          19          20   1.0065944612100970     
           8          21  0.97018445027071254     
          21          22  0.99843535849068221     
           3          23  0.95876649991822482     
          21          23  0.96636642208801127     
          23          24   1.0075368645059168     
           1          25  0.97985266804147442     
           1          26  0.97786149500930886     
           1          27  0.97983858389635448     
           3          28  0.94110825939503617     
           5          29  0.95421488105274865     
           6          30  0.96730822845925024     
           6          31  0.96358520895646049     
           7          32  0.88089908217408819     
           8          33  0.95012047623331508     
          10          34  0.94546801276735581     
          12          35  0.95461259136630039     
          13          36  0.96924553237372235     
          13          37  0.96865450316432389     
          14          38  0.89426765013024556     
          15          39  0.95471926201982227     
          16          40  0.85785842617169050     
          17          41  0.95525102368718207     
          18          42  0.88505092313055111     
          19          43  0.95074736577166463     
          20          44  0.88256078515334901     
          21          45  0.95541972906480621     
          22          46  0.85814312039149154     
          23          47  0.95515982711606573     
          24          48  0.88234998019331390     
