    0.01954526
   -0.31116555
    0.25013463
   -0.34907146
    0.09408955
    0.08001279
   -0.46205374
    0.08978167
   -0.33527020
    0.24057459
   -0.35106979
    0.07988524
    0.06411632
   -0.46725758
    0.09323966
   -0.48091348
    0.10313752
   -0.47994950
    0.10200736
   -0.46950838
    0.08744759
   -0.46673145
    0.09025220
   -0.47661259
    0.05848829
    0.05167122
    0.09036690
    0.00633829
    0.03819104
    0.04293066
    0.06084742
    0.34023037
    0.04357188
    0.04773388
    0.04400406
    0.05432476
    0.06949107
    0.35029035
    0.03034732
    0.35246791
    0.03085520
    0.35583689
    0.03091005
    0.36170351
    0.06654006
    0.33300532
    0.03786440
    0.35736846
