           1           2  0.96214370704132346     
           2           3   1.0190387020936011     
           3           4  0.94690806790201498     
           4           5  0.96758023725760955     
           5           6  0.97602781340639044     
           6           7   1.0156797451499691     
           5           8  0.96303429514973238     
           8           9  0.96513381034545354     
           9          10  0.96813771289908546     
          10          11  0.98578332579283334     
          11          12  0.94997130568609622     
          12          13  0.97246587682487173     
          13          14   1.0102731102641216     
          12          15  0.96563396735533558     
          15          16   1.0049974867876681     
          15          17  0.96935520247253604     
          17          18  0.99988996893461424     
          10          19  0.95631767224181141     
          17          19  0.97084630532393024     
          19          20   1.0122392451058162     
           8          21  0.96330633578527780     
          21          22   1.0013382575288701     
           3          23  0.95840451260422821     
          21          23  0.96190213252779211     
          23          24   1.0064673781963784     
           1          25  0.98015742627403712     
           1          26  0.97785939648150688     
           1          27  0.97725057433633855     
           3          28  0.94180253222352828     
           5          29  0.95592520255828051     
           6          30  0.96410476400390577     
           6          31  0.96254721243668739     
           7          32  0.86705224425687777     
           8          33  0.95685914983000908     
          10          34  0.94460070123089146     
          12          35  0.94885078586299332     
          13          36  0.96881070881047482     
          13          37  0.96821214340141226     
          14          38  0.86449541101305827     
          15          39  0.95508606533815943     
          16          40  0.83970585123913488     
          17          41  0.95586271620111796     
          18          42  0.85500125778560632     
          19          43  0.95361653439655070     
          20          44  0.85016392713774225     
          21          45  0.95707608302883684     
          22          46  0.87013764687254169     
          23          47  0.95322375592884656     
          24          48  0.85362740452604768     
