    0.03265380
   -0.28603085
    0.24708752
   -0.34413987
    0.09501574
    0.07687921
   -0.42604875
    0.08875479
   -0.33439242
    0.24027444
   -0.33724536
    0.08544245
    0.07079268
   -0.42427214
    0.07998973
   -0.43757974
    0.09333826
   -0.44966778
    0.09612303
   -0.44273179
    0.09561338
   -0.45653026
    0.09653567
   -0.43206389
    0.04621740
    0.04144351
    0.07386141
    0.01077086
    0.03603407
    0.03441168
    0.06497667
    0.30639960
    0.04043929
    0.05168150
    0.03919139
    0.04180184
    0.07081565
    0.30479327
    0.06095778
    0.30100942
    0.03647228
    0.31544643
    0.03818361
    0.33008950
    0.03161136
    0.32610098
    0.04912946
    0.32036322
