           1           2  0.97570426228975971     
           2           3   1.0188667096459563     
           3           4  0.94502648514458709     
           4           5  0.97138455141541735     
           5           6  0.97475206932531933     
           6           7   1.0177320409975474     
           5           8  0.96492041257099392     
           8           9  0.95739673601492015     
           9          10  0.98168921540582266     
          10          11  0.97850295274398968     
          11          12  0.95615960456226701     
          12          13  0.97618596362410082     
          13          14   1.0183543076864354     
          12          15  0.96514038858604967     
          15          16   1.0005264059438574     
          15          17  0.96437001890005436     
          17          18  0.99640779499862320     
          10          19  0.95365682389665518     
          17          19  0.97264452678316271     
          19          20  0.99939782487773932     
           8          21  0.96251123253148962     
          21          22   1.0058013156718679     
           3          23  0.95976623395149674     
          21          23  0.96685928515064901     
          23          24   1.0084018980023577     
           1          25  0.98006099468028807     
           1          26  0.97745368736707339     
           1          27  0.97949007177578296     
           3          28  0.94186143330325311     
           5          29  0.95583256560113372     
           6          30  0.96619991425005625     
           6          31  0.96528560077749925     
           7          32  0.88807818889276502     
           8          33  0.95608039449211391     
          10          34  0.94562337020621223     
          12          35  0.95307757821291217     
          13          36  0.96580311028837995     
          13          37  0.96704697882870239     
          14          38  0.89112059374018515     
          15          39  0.95712290477842643     
          16          40  0.89061572284609569     
          17          41  0.95321392717720466     
          18          42  0.87830319042544047     
          19          43  0.95592766271398943     
          20          44  0.87016387296769315     
          21          45  0.95590173884442364     
          22          46  0.85316256298474524     
          23          47  0.95494166444008388     
          24          48  0.87985287151899860     
