    0.02019333
   -0.31240600
    0.25065679
   -0.35037591
    0.09322586
    0.07114103
   -0.46678743
    0.08801811
   -0.33368618
    0.24204701
   -0.35133444
    0.08527011
    0.06914462
   -0.46449284
    0.08068903
   -0.46771505
    0.09358267
   -0.48244688
    0.10208176
   -0.47020203
    0.08791775
   -0.46742079
    0.09131873
   -0.47709134
    0.05961137
    0.05020233
    0.08872567
    0.00273293
    0.04505964
    0.05050113
    0.06930910
    0.34117759
    0.03921606
    0.04727623
    0.04240805
    0.04479919
    0.07508796
    0.33614756
    0.06073271
    0.34006846
    0.03439151
    0.35255361
    0.03120645
    0.35971206
    0.07022157
    0.33362100
    0.03702339
    0.35688651
