           1           2  0.96270498415483829     
           2           3   1.0168296637307872     
           3           4  0.94913029094876378     
           4           5  0.96790132632442338     
           5           6  0.97297132333770930     
           6           7   1.0151216229425810     
           5           8  0.96284790375032081     
           8           9  0.96079314453185405     
           9          10  0.98005452940641757     
          10          11  0.97546203196173464     
          11          12  0.95088207400087055     
          12          13  0.97562989621573004     
          13          14   1.0137044051021697     
          12          15  0.96490744773119763     
          15          16   1.0043787373069406     
          15          17  0.96356706079963983     
          17          18  0.99818789399047880     
          10          19  0.95450802557813985     
          17          19  0.96992364617613425     
          19          20   1.0109468558391879     
           8          21  0.96266713789862957     
          21          22   1.0016855545583605     
           3          23  0.95887489119452318     
          21          23  0.96306269198609229     
          23          24   1.0059067316372461     
           1          25  0.98005073693173450     
           1          26  0.97797450336332548     
           1          27  0.97756763510963574     
           3          28  0.94228522665446623     
           5          29  0.95493367359879566     
           6          30  0.96602994068085812     
           6          31  0.95923278839121306     
           7          32  0.87096169807089741     
           8          33  0.95886120202672420     
          10          34  0.94703564708070598     
          12          35  0.95109510729327662     
          13          36  0.96701272367075675     
          13          37  0.96738203780297749     
          14          38  0.87210423374118018     
          15          39  0.95664694488181423     
          16          40  0.86611442472672640     
          17          41  0.95421645995846383     
          18          42  0.85509767704006678     
          19          43  0.95443925607369295     
          20          44  0.85241118163893814     
          21          45  0.95621629855534374     
          22          46  0.86973664393992556     
          23          47  0.95319266536796843     
          24          48  0.85363466309117941     
