    0.01737145
   -0.35644953
    0.23690248
   -0.35699236
    0.08809506
    0.06706449
   -0.48408350
    0.09841109
   -0.35633346
    0.26081369
   -0.49388107
   -0.06785443
    0.07362764
   -0.50208879
    0.09047749
   -0.48972224
    0.08371875
   -0.50825696
    0.09085387
   -0.49465105
    0.09643757
   -0.48086561
    0.09712878
   -0.50479317
    0.05301016
    0.05601618
    0.09355535
    0.04728582
    0.06869742
    0.04631029
    0.05697151
    0.35658880
    0.05127129
    0.36700164
    0.05872824
    0.04667250
    0.04839993
    0.36244621
    0.06485037
    0.33884792
    0.04427480
    0.37069568
    0.03761731
    0.38212624
    0.04467769
    0.35816520
    0.05449583
    0.38636342
