           1           2  0.96236740260350928     
           2           3  0.98938423920812280     
           3           4  0.96234640791801052     
           4           5  0.96689462063151588     
           6           7   1.0049555517891782     
           5           8  0.96394783019400387     
           6           8  0.96721604546204043     
           8           9  0.96525617850611667     
           9          10  0.94140942991097820     
          10          11   1.0158735544408299     
          10          12  0.95426374118056811     
          12          13  0.98328303014542218     
          13          14   1.0064064339926206     
          12          15  0.97373973917258783     
          15          16   1.0084442639238271     
          15          17  0.95047112606739226     
          17          18  0.99962880098674378     
          10          19  0.93900010960374503     
          17          19  0.96995806671718454     
          19          20   1.0019114245306833     
           5          21  0.95569709003872949     
          21          22   1.0091517710478108     
           3          23  0.96113915883359125     
          21          23  0.96209512079341741     
          23          24   1.0098482405153182     
           1          25  0.97932810553063732     
           1          26  0.97770725637431011     
           1          27  0.97659867859219895     
           3          28  0.94786583548690351     
           5          29  0.95907335128068349     
           6          30  0.96482555240790313     
           6          31  0.96827677595682604     
           7          32  0.85814057370355390     
           8          33  0.95644384218927703     
          11          34  0.82060282436268817     
          12          35  0.95819606517500466     
          13          36  0.96686458424274269     
          13          37  0.97024356884070817     
          14          38  0.85482708832033283     
          15          39  0.95784306009362330     
          16          40  0.84227867588066985     
          17          41  0.95784291630474894     
          18          42  0.84739589345726485     
          19          43  0.95607578243743729     
          20          44  0.83719981049688619     
          21          45  0.95882089385995006     
          22          46  0.83178436592918958     
          23          47  0.95714149614707533     
          24          48  0.83654095062684219     
