    0.03027220
   -0.28610632
    0.24663398
   -0.32913001
    0.09687045
    0.07176470
   -0.41963447
    0.08503221
   -0.33227462
    0.24048952
   -0.32041994
    0.08306457
    0.06665024
   -0.43367629
    0.09235929
   -0.45513719
    0.09691030
   -0.44927422
    0.08981341
   -0.44546352
    0.09266705
   -0.46491568
    0.08894907
   -0.43451183
    0.05720051
    0.03863748
    0.07151509
    0.00707872
    0.02385405
    0.07299572
    0.03915965
    0.29152335
    0.04128997
    0.04693737
    0.04985962
    0.05011384
    0.06954869
    0.30186781
    0.02967851
    0.32087831
    0.05723120
    0.31763408
    0.04033739
    0.33389674
    0.04679838
    0.32278941
    0.03857396
    0.31966723
