           1           2  0.97307359816299155     
           2           3   1.0200322860811051     
           3           4  0.94585978848498231     
           4           5  0.98444501594206968     
           5           6  0.97557131115857576     
           6           7   1.0148542638511189     
           5           8  0.95501491878256473     
           8           9  0.96082628735910958     
           9          10  0.97138241140583648     
          10          11  0.98996104330963264     
          11          12  0.95801268723199107     
          12          13  0.97771952876125223     
          13          14   1.0032174457578997     
          12          15  0.96346828379427163     
          15          16   1.0043123744850824     
          15          17  0.96889522789745730     
          17          18  0.99529463187994749     
          10          19  0.95294455806443223     
          17          19  0.97434107523837354     
          19          20  0.99180722329487703     
           8          21  0.96850935955195694     
          21          22   1.0073440525702608     
           3          23  0.95936936292587194     
          21          23  0.95700001297451431     
          23          24   1.0093558380419658     
           1          25  0.97959867059764338     
           1          26  0.97797393528587373     
           1          27  0.98007609464905876     
           3          28  0.94087547895531987     
           5          29  0.95213778400415539     
           6          30  0.96796244685487398     
           6          31  0.96433253241478778     
           7          32  0.89874818238776100     
           8          33  0.95911342018651191     
          10          34  0.94705969000966561     
          12          35  0.95642789026403152     
          13          36  0.96879462875478484     
          13          37  0.96840016034708765     
          14          38  0.89457082340983685     
          15          39  0.95510607048316554     
          16          40  0.85932882489584261     
          17          41  0.95197840250594912     
          18          42  0.88119979744114463     
          19          43  0.95579578557462197     
          20          44  0.86892121598541650     
          21          45  0.95705664475743624     
          22          46  0.83294758594689322     
          23          47  0.95459418557451892     
          24          48  0.87470717612858917     
