    0.01794730
   -0.36407736
    0.23372776
   -0.34979398
    0.09230325
    0.07486759
   -0.49390793
    0.08900189
   -0.36147068
    0.23772553
   -0.34290648
    0.08673194
    0.06423988
   -0.49120128
    0.09427370
   -0.49826832
    0.09294113
   -0.50438824
    0.09478748
   -0.49628235
    0.10219610
   -0.47736887
    0.09010527
   -0.50199965
    0.05721574
    0.05632893
    0.09128202
    0.03759154
    0.06155635
    0.03754365
    0.05954754
    0.36416173
    0.06845985
    0.04824687
    0.04524410
    0.05660456
    0.06966420
    0.37242130
    0.02998728
    0.36288419
    0.05478941
    0.37029398
    0.03516290
    0.37881773
    0.06717351
    0.35117938
    0.05301179
    0.38164774
