           1           2  0.95961034138495926     
           2           3  0.97555598397580257     
           3           4  0.97581126481669356     
           4           5  0.95414388834274710     
           5           6  0.97927751118977246     
           6           7   1.0112288094860451     
           5           8  0.96855559429183991     
           8           9  0.95172179329624118     
           9          10  0.96330910578821127     
          10          11  0.98791760386068039     
          11          12  0.94984712935051818     
          12          13  0.97419134949253039     
          13          14   1.0088171835938502     
          12          15  0.96507244135612913     
          15          16   1.0029966309231522     
          15          17  0.96884327529668712     
          17          18  0.99303440740147575     
          10          19  0.95604450939945118     
          17          19  0.97145947694119794     
          19          20   1.0036197938341080     
           8          21  0.96026253189178346     
          21          22   1.0076598458492809     
           3          23  0.95566174765518364     
          21          23  0.96326995021786288     
          23          24   1.0068693233395829     
           1          25  0.98027836018379277     
           1          26  0.97783913928271959     
           1          27  0.97681823581967264     
           3          28  0.94472226481356847     
           5          29  0.95541873540471056     
           6          30  0.96651307169054579     
           6          31  0.96895559404233933     
           7          32  0.85247488494894719     
           8          33  0.95180790908372692     
          10          34  0.94644956613967302     
          12          35  0.95709582867970178     
          13          36  0.96866673405805814     
          13          37  0.96819803159534179     
          14          38  0.84883941854792289     
          15          39  0.95559933272753939     
          16          40  0.83277567180385004     
          17          41  0.94838588756642395     
          18          42  0.84735693834973391     
          19          43  0.95447564668657980     
          20          44  0.83690374364941789     
          21          45  0.95634185857707976     
          22          46  0.84952574875088505     
          23          47  0.95695471251228370     
          24          48  0.83880455921971109     
