    0.02340189
   -0.34853986
    0.23393600
   -0.34952175
    0.09282665
    0.07654068
   -0.47122463
    0.08710847
   -0.32844371
    0.23612033
   -0.35005240
    0.08041736
    0.06899924
   -0.46987135
    0.08028460
   -0.46968107
    0.08628100
   -0.48606398
    0.08374506
   -0.46361754
    0.09223345
   -0.46354426
    0.08152572
   -0.46564579
    0.05476185
    0.05249550
    0.08555031
    0.04255207
    0.04703098
    0.03796938
    0.05488421
    0.34450450
    0.06831043
    0.04042036
    0.05736025
    0.03319293
    0.07088438
    0.33765922
    0.05725671
    0.34264544
    0.04843927
    0.35564779
    0.06524782
    0.33468854
    0.06989616
    0.33508025
    0.07213482
    0.33417272
