           1           2  0.96314678709407497     
           2           3  0.98501539721420950     
           3           4  0.96905972869775803     
           4           5  0.95445623781510314     
           5           6  0.97681389424262388     
           6           7   1.0130985864392961     
           5           8  0.97313817834746419     
           8           9  0.94781667158725558     
           9          10   1.0052794161927618     
          10          11  0.95307631439051244     
          11          12  0.95237044469410814     
          12          13  0.97484384253538436     
          13          14   1.0122399705112182     
          12          15  0.96735623099393020     
          15          16   1.0068696717520356     
          15          17  0.95853069257689472     
          17          18   1.0026983864548293     
          10          19  0.95181419971269932     
          17          19  0.96072344220266215     
          19          20   1.0057656592241340     
           8          21  0.96099240097110861     
          21          22   1.0093374230551755     
           3          23  0.95853773017790733     
          21          23  0.95281909579640600     
          23          24   1.0085999574492204     
           1          25  0.97998117514029537     
           1          26  0.97801964614325410     
           1          27  0.97774394244487839     
           3          28  0.94436727101724238     
           5          29  0.95521430335588464     
           6          30  0.96567132438846026     
           6          31  0.96785092864265476     
           7          32  0.86513898417764501     
           8          33  0.94929425098813536     
          10          34  0.94479529074898105     
          12          35  0.95568333333876265     
          13          36  0.96702731575048406     
          13          37  0.96713392584491586     
          14          38  0.87092423733681801     
          15          39  0.95590685628095562     
          16          40  0.86351393094880302     
          17          41  0.95458732034637994     
          18          42  0.85696445505850039     
          19          43  0.95537091949416875     
          20          44  0.86266894071269684     
          21          45  0.95789974308854298     
          22          46  0.86533257414341325     
          23          47  0.95686841650362031     
          24          48  0.86688858593840012     
