    0.02016157
   -0.31208467
    0.25011896
   -0.34956457
    0.09432604
    0.07477063
   -0.46437320
    0.08935757
   -0.33311462
    0.24068099
   -0.34844186
    0.08609346
    0.06906163
   -0.46472691
    0.08033885
   -0.46812050
    0.09369820
   -0.48258474
    0.10061516
   -0.46742295
    0.08846056
   -0.45836575
    0.09060218
   -0.47721418
    0.05890218
    0.05082202
    0.08910530
    0.00400019
    0.04194028
    0.04462066
    0.06836396
    0.33959695
    0.03652439
    0.04781712
    0.04122436
    0.04501574
    0.07496595
    0.33534665
    0.06111788
    0.33947064
    0.03504762
    0.35191735
    0.03121435
    0.35818750
    0.06713617
    0.33188701
    0.03613787
    0.35736599
