           1           2  0.96262265046423201     
           2           3   1.0178728537610853     
           3           4  0.94755694480238772     
           4           5  0.96919141142300147     
           5           6  0.97425728912052012     
           6           7   1.0154232469344331     
           5           8  0.96116756536963277     
           8           9  0.96405414127798505     
           9          10  0.97822679321281503     
          10          11  0.97477258139818690     
          11          12  0.95231767938087852     
          12          13  0.97629576122921391     
          13          14   1.0134499841645253     
          12          15  0.96422630621689120     
          15          16   1.0041624720685345     
          15          17  0.96378559506306849     
          17          18  0.99780896611880965     
          10          19  0.95343988029020799     
          17          19  0.97007408732270073     
          19          20   1.0118310947436207     
           8          21  0.96300688672628121     
          21          22   1.0057081363523421     
           3          23  0.95904905126171736     
          21          23  0.96052844322361586     
          23          24   1.0065913645898177     
           1          25  0.98014481346824078     
           1          26  0.97784798511702276     
           1          27  0.97748572378850995     
           3          28  0.94192802069938275     
           5          29  0.95532319976319025     
           6          30  0.96648955527069369     
           6          31  0.96312962418583203     
           7          32  0.87069000482370218     
           8          33  0.95588328874067963     
          10          34  0.94752043972605604     
          12          35  0.95382573237222301     
          13          36  0.96671058300669654     
          13          37  0.96726233404326112     
          14          38  0.87261162658091806     
          15          39  0.95676372632390361     
          16          40  0.86657872702430383     
          17          41  0.95387052855786725     
          18          42  0.85579216089842280     
          19          43  0.95381691205160513     
          20          44  0.85325480444349289     
          21          45  0.95636286123787140     
          22          46  0.87120387718052250     
          23          47  0.95367294333778108     
          24          48  0.85195315354399814     
