    0.01835252
   -0.35893294
    0.23670665
   -0.35042048
    0.09324309
    0.06389502
   -0.49824354
    0.09926593
   -0.35414537
    0.23301583
   -0.35125093
    0.08596029
    0.06377349
   -0.49079122
    0.09248985
   -0.49975885
    0.10046457
   -0.50448141
    0.09399817
   -0.49670073
    0.11270166
   -0.49737544
    0.09263682
   -0.49751027
    0.05247415
    0.05609205
    0.09196121
    0.03742518
    0.06691941
    0.04142926
    0.07683423
    0.35797323
    0.07498221
    0.06504989
    0.04838715
    0.05707126
    0.06771147
    0.36988838
    0.03396094
    0.36357604
    0.03458095
    0.37243152
    0.04172352
    0.38121537
    0.03478052
    0.37385036
    0.04279188
    0.36999710
