           1           2  0.96361605771136738     
           2           3  0.98120359659664125     
           3           4  0.97713548832692187     
           4           5  0.96104112542296505     
           5           6  0.96903609140549518     
           6           7   1.0084843930149281     
           5           8  0.97051528595404857     
           8           9  0.95325014420045651     
           9          10  0.97260792319601941     
          10          11  0.97586777477911768     
          11          12  0.95445529748502722     
          12          13  0.97385197151956882     
          13          14   1.0082090867834101     
          12          15  0.96426108604500371     
          15          16   1.0020341591194557     
          15          17  0.96852593139657095     
          17          18  0.99476605007946761     
          10          19  0.95781258768472344     
          17          19  0.96973715757074974     
          19          20   1.0047507649392533     
           8          21  0.96699266011167961     
          21          22   1.0048203550215395     
           3          23  0.95543552401942722     
          21          23  0.96493380035954879     
          23          24   1.0042474401635140     
           1          25  0.97942279668620336     
           1          26  0.97737474927910717     
           1          27  0.97678199579467662     
           3          28  0.94170742395911888     
           5          29  0.95525259136452256     
           6          30  0.96650294875348930     
           6          31  0.96370222919797166     
           7          32  0.85752152390472947     
           8          33  0.94556388732894847     
          10          34  0.94520840289158614     
          12          35  0.94841484067661441     
          13          36  0.96883560143116287     
          13          37  0.96834607561497998     
          14          38  0.85077442712773022     
          15          39  0.95572112110866592     
          16          40  0.83400857520169613     
          17          41  0.95364256478552745     
          18          42  0.84585854577319752     
          19          43  0.95473155809365118     
          20          44  0.83705642307164096     
          21          45  0.94431102935026079     
          22          46  0.84258462540719947     
          23          47  0.95203856971256184     
          24          48  0.84420279773982854     
