    0.02390665
   -0.35170343
    0.23452907
   -0.34157468
    0.09307736
    0.07576446
   -0.47147156
    0.09279919
   -0.34783881
    0.24031893
   -0.33238037
    0.08417070
    0.06382043
   -0.46804653
    0.09367024
   -0.48387186
    0.10063294
   -0.48231808
    0.09540404
   -0.47372067
    0.10428596
   -0.45893580
    0.08803005
   -0.47931976
    0.05417673
    0.05194741
    0.08400737
    0.03153480
    0.05794537
    0.03276461
    0.06004807
    0.34428135
    0.05756669
    0.03998017
    0.04856409
    0.05582697
    0.06893167
    0.34973676
    0.02772818
    0.34949123
    0.04439466
    0.35101314
    0.02877340
    0.35715878
    0.06598769
    0.33611983
    0.04772354
    0.35506905
