           1           2  0.96500927359581301     
           2           3  0.97958077550806022     
           3           4  0.97620133441653345     
           4           5  0.95674299595955381     
           5           6  0.97921794101476722     
           6           7   1.0124351054279430     
           5           8  0.96847019234821374     
           8           9  0.95702993009287685     
           9          10  0.96600279601348182     
          10          11  0.99156148167438662     
          11          12  0.95183115982626376     
          12          13  0.97497955172013084     
          13          14   1.0086764446728118     
          12          15  0.96476642615615094     
          15          16   1.0037908204403545     
          15          17  0.96866005270888123     
          17          18  0.99530568849977452     
          10          19  0.95336044743714088     
          17          19  0.97283610195796832     
          19          20   1.0060017687598597     
           8          21  0.96063547471836674     
          21          22   1.0127275955274679     
           3          23  0.95650310545122241     
          21          23  0.96039690996150395     
          23          24   1.0052637211135282     
           1          25  0.98014539144900370     
           1          26  0.97779100661928897     
           1          27  0.97799871020529150     
           3          28  0.94441538598556907     
           5          29  0.95577558193676926     
           6          30  0.96661811884735127     
           6          31  0.96906221460507835     
           7          32  0.86631650912447433     
           8          33  0.95587023658121040     
          10          34  0.94762911263210525     
          12          35  0.95746474936553305     
          13          36  0.96864409787158923     
          13          37  0.96825681264379981     
          14          38  0.86480784071491579     
          15          39  0.95541449310737325     
          16          40  0.84070658655017971     
          17          41  0.95383040065461255     
          18          42  0.86038624590058554     
          19          43  0.95349303052779066     
          20          44  0.85168373112248041     
          21          45  0.95605913842953394     
          22          46  0.86298577125885945     
          23          47  0.95732019236259414     
          24          48  0.85775284147876252     
