    0.03268802
   -0.28544995
    0.24749277
   -0.34500612
    0.09400076
    0.07589162
   -0.42650008
    0.08885716
   -0.33322925
    0.24132114
   -0.33853758
    0.08540459
    0.07064109
   -0.42373880
    0.07985564
   -0.43757808
    0.09310109
   -0.44897533
    0.09706343
   -0.44103751
    0.09689354
   -0.45207617
    0.09646439
   -0.43178559
    0.04592219
    0.04163162
    0.07411441
    0.01011626
    0.03522575
    0.03317771
    0.06648156
    0.30693328
    0.04033223
    0.04880491
    0.03757669
    0.04122721
    0.07161520
    0.30519876
    0.06070767
    0.30100990
    0.03666072
    0.31530263
    0.03749839
    0.32842175
    0.03202193
    0.32496239
    0.04891865
    0.32037747
