           1           2  0.97572461861820103     
           2           3   1.0195615535625617     
           3           4  0.94477688599177534     
           4           5  0.96982929042412869     
           5           6  0.97452006402352487     
           6           7   1.0179494775923401     
           5           8  0.96526228623251609     
           8           9  0.95777105454207545     
           9          10  0.98154131871964856     
          10          11  0.97969221423455854     
          11          12  0.95551699525598210     
          12          13  0.97556744983505739     
          13          14   1.0191134767845946     
          12          15  0.96515005110307384     
          15          16   1.0003828167508193     
          15          17  0.96433737706557943     
          17          18  0.99695773585065928     
          10          19  0.95389578313309165     
          17          19  0.97218662607670747     
          19          20   1.0020668738318792     
           8          21  0.96208416124972085     
          21          22   1.0058219049375496     
           3          23  0.95923281169083607     
          21          23  0.96814418047085504     
          23          24   1.0082157990067473     
           1          25  0.98005197074115136     
           1          26  0.97734853336758654     
           1          27  0.97945127994116610     
           3          28  0.94185496947031921     
           5          29  0.95618670088105984     
           6          30  0.96603729478375122     
           6          31  0.96342661144237529     
           7          32  0.88682446076089227     
           8          33  0.95588375051601804     
          10          34  0.94420973751739923     
          12          35  0.95281224574787471     
          13          36  0.96595934467786571     
          13          37  0.96666844897108761     
          14          38  0.89039592997399675     
          15          39  0.95710366018843429     
          16          40  0.89050343445955760     
          17          41  0.95320139779435609     
          18          42  0.87831490211379148     
          19          43  0.95589408662782616     
          20          44  0.87279647414388228     
          21          45  0.95528773662655941     
          22          46  0.86042344855611730     
          23          47  0.95494898342020085     
          24          48  0.88008821006390570     
