    0.01834293
   -0.36429419
    0.23346561
   -0.35092986
    0.09181314
    0.07478827
   -0.49374746
    0.09225775
   -0.35840224
    0.23941003
   -0.34214754
    0.08451450
    0.06406467
   -0.49155346
    0.09371995
   -0.49761439
    0.09926525
   -0.50165455
    0.09432414
   -0.49140080
    0.10193660
   -0.47192775
    0.08862393
   -0.50264536
    0.05617211
    0.05630397
    0.09082105
    0.03798133
    0.06141114
    0.03623099
    0.06201325
    0.36416789
    0.06049972
    0.04533889
    0.05097938
    0.05705424
    0.06944542
    0.37243826
    0.03100340
    0.36346587
    0.04517425
    0.37130872
    0.03323559
    0.37456515
    0.06846177
    0.34750734
    0.05311123
    0.38109983
