           1           2  0.96097461743894097     
           2           3  0.97738531274148432     
           3           4  0.97411444457623064     
           4           5  0.95449940860898241     
           5           6  0.97936249352193661     
           6           7   1.0113075232463049     
           5           8  0.96879213997348668     
           8           9  0.95432747536803952     
           9          10  0.96280112708453125     
          10          11  0.99086717834679638     
          11          12  0.94774142555854968     
          12          13  0.97475595887789679     
          13          14   1.0090948211718798     
          12          15  0.96510059094257394     
          15          16   1.0032607911262279     
          15          17  0.96808289012658055     
          17          18  0.99595737655167116     
          10          19  0.95446938967109674     
          17          19  0.97193622842965610     
          19          20   1.0057528798106610     
           8          21  0.96090477639079097     
          21          22   1.0117772623987087     
           3          23  0.95616992473775797     
          21          23  0.96048002493456075     
          23          24   1.0060977720320363     
           1          25  0.98037102085185401     
           1          26  0.97774965298703631     
           1          27  0.97695290703495985     
           3          28  0.94482652555865565     
           5          29  0.95553109650745949     
           6          30  0.96670336748285313     
           6          31  0.96866542649959697     
           7          32  0.85283181464771263     
           8          33  0.95583877966425823     
          10          34  0.94748193810569736     
          12          35  0.95765438486815668     
          13          36  0.96845145423916656     
          13          37  0.96811767959868844     
          14          38  0.84876560077914165     
          15          39  0.95556669975999520     
          16          40  0.83345844917776990     
          17          41  0.95417354436696211     
          18          42  0.84630663293025443     
          19          43  0.95357663759693989     
          20          44  0.83983717921783796     
          21          45  0.95590235476636809     
          22          46  0.85570759084413361     
          23          47  0.95739513498869511     
          24          48  0.83923069323214183     
