    0.01968123
   -0.35872703
    0.23516038
   -0.35239837
    0.09449859
    0.07473931
   -0.49305454
    0.09469490
   -0.35799731
    0.23954223
   -0.34245509
    0.08376200
    0.06363628
   -0.49187418
    0.09350752
   -0.49676389
    0.10445170
   -0.49911775
    0.09070069
   -0.48933519
    0.11003125
   -0.49698616
    0.09540928
   -0.50309761
    0.05604464
    0.05454048
    0.09090166
    0.03439996
    0.05973748
    0.03658686
    0.06310228
    0.36414275
    0.05027155
    0.05173234
    0.05375384
    0.05741934
    0.07043267
    0.37227431
    0.03406866
    0.36479348
    0.03337629
    0.37299327
    0.04537269
    0.38747407
    0.04216410
    0.34899679
    0.05656646
    0.38084577
