           1           2  0.96239706551991899     
           2           3  0.98561621086446938     
           3           4  0.96810942174835068     
           4           5  0.95729732275416402     
           5           6  0.97819522739008513     
           6           7   1.0119679792301328     
           5           8  0.96811508012999758     
           8           9  0.95362365117625836     
           9          10  0.96582725279614245     
          10          11  0.98909602793234364     
          11          12  0.94762024897247898     
          12          13  0.97461445792025470     
          13          14   1.0092261657684714     
          12          15  0.96498211252360000     
          15          16   1.0040379323587165     
          15          17  0.96756476448811257     
          17          18  0.99934354891924215     
          10          19  0.95254039026435633     
          17          19  0.97174773568271167     
          19          20  0.99538960542504518     
           8          21  0.96433725270350379     
          21          22   1.0109604360249216     
           3          23  0.95637206355913462     
          21          23  0.96821010886805370     
          23          24   1.0052245742942485     
           1          25  0.98003698699297059     
           1          26  0.97744537606480031     
           1          27  0.97710044673206742     
           3          28  0.94411941339585870     
           5          29  0.95550748086881276     
           6          30  0.96675671852918543     
           6          31  0.96867121028264980     
           7          32  0.85296882112705741     
           8          33  0.95803166099756742     
          10          34  0.94772532161072576     
          12          35  0.95747087168511902     
          13          36  0.96856650881872097     
          13          37  0.96790788348307055     
          14          38  0.84897656220137585     
          15          39  0.95522267971512065     
          16          40  0.83335151627421777     
          17          41  0.95527135144883335     
          18          42  0.84427332852406922     
          19          43  0.95570091931304135     
          20          44  0.83236759267384386     
          21          45  0.95049701467675052     
          22          46  0.81059877456905594     
          23          47  0.95641443233990753     
          24          48  0.83992964752820021     
