    0.03222069
   -0.28644379
    0.24851878
   -0.34599656
    0.09422901
    0.08086780
   -0.43031334
    0.09004971
   -0.31489692
    0.24083623
   -0.34713432
    0.08297511
    0.06783965
   -0.43442318
    0.09205364
   -0.45684159
    0.09966254
   -0.44537889
    0.10045637
   -0.42255269
    0.08450660
   -0.43095616
    0.08955954
   -0.43366602
    0.04540984
    0.04346934
    0.07491700
    0.01237266
    0.03951590
    0.03229469
    0.05793737
    0.31103996
    0.03608237
    0.04944160
    0.03763823
    0.04596948
    0.06833898
    0.30401537
    0.02893306
    0.32136111
    0.04049836
    0.31822795
    0.03175724
    0.32585223
    0.07441706
    0.29243444
    0.03512043
    0.31778311
