           1           2  0.97478016664341682     
           2           3   1.0199821096503441     
           3           4  0.94322400955513919     
           4           5  0.97001118999659020     
           5           6  0.97559435415286033     
           6           7   1.0179538158951598     
           5           8  0.96353590118350974     
           8           9  0.96840072301384683     
           9          10  0.97988158438343054     
          10          11  0.97328740902336741     
          11          12  0.96079492128504773     
          12          13  0.97601561315992758     
          13          14   1.0042163663672321     
          12          15  0.96507668709273320     
          15          16   1.0023142361064814     
          15          17  0.97021532131542076     
          17          18  0.99812545294579746     
          10          19  0.95554237819556975     
          17          19  0.97106653281351329     
          19          20   1.0165642079462871     
           8          21  0.96415877939419337     
          21          22  0.99964342001364204     
           3          23  0.95915492027903315     
          21          23  0.96172011439554439     
          23          24   1.0082677356353189     
           1          25  0.98014062384893452     
           1          26  0.97737327833607579     
           1          27  0.97933952894661169     
           3          28  0.94185323562982537     
           5          29  0.95631974878930281     
           6          30  0.96474620091322638     
           6          31  0.96194250895712563     
           7          32  0.88026434051274816     
           8          33  0.95724746641013081     
          10          34  0.94484938361271253     
          12          35  0.94630249959971791     
          13          36  0.96876491646344942     
          13          37  0.96867094776765306     
          14          38  0.89316662932241220     
          15          39  0.95511460031319251     
          16          40  0.85901067898194994     
          17          41  0.95524265250610452     
          18          42  0.87951344538220733     
          19          43  0.95285339344629039     
          20          44  0.87407182591147581     
          21          45  0.95579839076868944     
          22          46  0.89452393689183762     
          23          47  0.95277842437415161     
          24          48  0.87850128934503757     
