    0.03289524
   -0.28813446
    0.24921116
   -0.34371052
    0.09168118
    0.06496901
   -0.42813747
    0.08716679
   -0.30046371
    0.24631207
   -0.33658243
    0.07677540
    0.06735850
   -0.43577755
    0.07810742
   -0.43594528
    0.09501765
   -0.44860857
    0.08927562
   -0.42506678
    0.08436671
   -0.45042281
    0.09094734
   -0.43284642
    0.04698800
    0.04169964
    0.07334759
    0.00994524
    0.04548183
    0.03133875
    0.09399046
    0.30153388
    0.05764786
    0.01885672
    0.06751173
    0.02232641
    0.06488838
    0.31623637
    0.05205161
    0.30104684
    0.03504404
    0.31402824
    0.03407241
    0.32013248
    0.07181873
    0.30267824
    0.03525634
    0.31369011
