           1           2  0.97543053653638923     
           2           3   1.0164194172875169     
           3           4  0.95228166321385144     
           4           5  0.96536205962182853     
           5           6  0.97600816522270994     
           6           7   1.0144139070334364     
           5           8  0.96279728576107970     
           8           9  0.95994583338564987     
           9          10  0.99621785935010720     
          10          11  0.97411914166768820     
          11          12  0.95948286409452532     
          12          13  0.96717868597450551     
          13          14   1.0228661799093710     
          12          15  0.96335272283155526     
          15          16   1.0012554648070460     
          15          17  0.96467375802660249     
          17          18   1.0006067781055490     
          10          19  0.93976333662380429     
          17          19  0.96598105029084769     
          19          20   1.0102935870994927     
           8          21  0.96444346213247190     
          21          22  0.98669145337540254     
           3          23  0.95757804764520971     
          21          23  0.96625168867029620     
          23          24   1.0065753872748777     
           1          25  0.98008203929609872     
           1          26  0.97751714481090546     
           1          27  0.97954632053243029     
           3          28  0.94196728502202420     
           5          29  0.95551888244351768     
           6          30  0.96613098442617940     
           6          31  0.95531272402234735     
           7          32  0.89111205665699333     
           8          33  0.95216354459672736     
          10          34  0.94728845123893568     
          12          35  0.95647378808844019     
          13          36  0.96412233157247784     
          13          37  0.96853060724117979     
          14          38  0.86899078565236054     
          15          39  0.95802009225257789     
          16          40  0.89016695019084757     
          17          41  0.95400584567524582     
          18          42  0.87613980353862675     
          19          43  0.95971930056028132     
          20          44  0.87960642427037161     
          21          45  0.95694103884097315     
          22          46  0.88609294783401116     
          23          47  0.95206278001329214     
          24          48  0.88281060980447901     
