    0.01303490
   -0.33332256
    0.24017773
   -0.35500770
    0.09162043
    0.07206082
   -0.48681829
    0.09545605
   -0.34569355
    0.23840860
   -0.34532887
    0.08293922
    0.06381114
   -0.49151793
    0.09291451
   -0.49650444
    0.10150807
   -0.50063893
    0.09605220
   -0.48679560
    0.10827146
   -0.48437219
    0.08745876
   -0.49302897
    0.06271562
    0.05680244
    0.09720298
    0.00741333
    0.04532846
    0.04762112
    0.06798434
    0.36127918
    0.04906871
    0.04702179
    0.05381545
    0.05756561
    0.06900970
    0.37286471
    0.03136129
    0.36402907
    0.04133072
    0.37296348
    0.03138085
    0.37362448
    0.02964959
    0.37386886
    0.04373472
    0.37767860
