           1           2  0.95553628708426741     
           2           3   1.0107094480757171     
           3           4  0.94991075011323634     
           4           5  0.96666568122905383     
           5           6  0.97577334017866968     
           6           7   1.0138950790934966     
           5           8  0.95939416260594901     
           8           9  0.96658076688624794     
           9          10  0.96109788223310533     
          10          11  0.98844965572731258     
          11          12  0.94697372035776506     
          12          13  0.97527663609347715     
          13          14   1.0090571182002819     
          12          15  0.96489592709441485     
          15          16   1.0038040943786988     
          15          17  0.96717781284801940     
          17          18  0.99830770370362465     
          10          19  0.95322154997896669     
          17          19  0.97249938700356786     
          19          20   1.0100844298835385     
           8          21  0.96749621284117260     
          21          22   1.0099917241452647     
           3          23  0.95245138830746789     
          21          23  0.96779961599364794     
          23          24   1.0048831046158373     
           1          25  0.98077627885173180     
           1          26  0.97811417211831864     
           1          27  0.97611064886606724     
           3          28  0.94123274552546943     
           5          29  0.95496344326042859     
           6          30  0.96713172025949345     
           6          31  0.96728893696290774     
           7          32  0.85644000834221079     
           8          33  0.95885079076714586     
          10          34  0.94802696853384272     
          12          35  0.95745560082515335     
          13          36  0.96852092785061361     
          13          37  0.96806532516085375     
          14          38  0.84859390728552442     
          15          39  0.95564280883486319     
          16          40  0.83294770074108393     
          17          41  0.95564907036065172     
          18          42  0.84453305067650053     
          19          43  0.95126626820313342     
          20          44  0.84140681570051790     
          21          45  0.95393594735931997     
          22          46  0.83923367148853334     
          23          47  0.95648068070586012     
          24          48  0.84080211986583608     
