    0.02331813
   -0.34844161
    0.23399546
   -0.34946759
    0.09214835
    0.07650403
   -0.47049205
    0.08519188
   -0.32859584
    0.23607147
   -0.35197247
    0.08049953
    0.06878537
   -0.47179620
    0.08058637
   -0.46960595
    0.08645539
   -0.48662303
    0.08599625
   -0.46405311
    0.09258222
   -0.46555030
    0.08174083
   -0.46546644
    0.05445312
    0.05305192
    0.08550947
    0.04353335
    0.05024998
    0.03557927
    0.05458967
    0.34444769
    0.06896421
    0.03952477
    0.05730732
    0.03391468
    0.07123248
    0.33958141
    0.05733873
    0.34244791
    0.04922417
    0.35619397
    0.06242128
    0.33560049
    0.07094499
    0.33552240
    0.07183356
    0.33472247
