           1           2  0.96281452102452891     
           2           3  0.98526799720151637     
           3           4  0.96893690966166024     
           4           5  0.95439978504583523     
           5           6  0.97663652471260720     
           6           7   1.0136453835849855     
           5           8  0.97283110174276277     
           8           9  0.94740880405933481     
           9          10   1.0056839926146874     
          10          11  0.95034266313040261     
          11          12  0.95174775185720606     
          12          13  0.97489175615615209     
          13          14   1.0122107705538734     
          12          15  0.96741275733267051     
          15          16   1.0068368644940933     
          15          17  0.95865785415861060     
          17          18   1.0025529670999678     
          10          19  0.95486059971348480     
          17          19  0.96056982903219357     
          19          20   1.0056155240450766     
           8          21  0.96112452320448516     
          21          22   1.0082712798513280     
           3          23  0.95810874794490164     
          21          23  0.95365944687704018     
          23          24   1.0088579724620304     
           1          25  0.97986681365730388     
           1          26  0.97806425437338618     
           1          27  0.97778861912532533     
           3          28  0.94449207705738503     
           5          29  0.95553193381015344     
           6          30  0.96521548432296056     
           6          31  0.96832640971617978     
           7          32  0.86509834765802929     
           8          33  0.94815170689676331     
          10          34  0.94513602687687681     
          12          35  0.95565847733020126     
          13          36  0.96708846916986047     
          13          37  0.96690701137505752     
          14          38  0.87003303765322482     
          15          39  0.95601215472864176     
          16          40  0.86367049134017959     
          17          41  0.95456792650408528     
          18          42  0.85677656372028677     
          19          43  0.95542386109690991     
          20          44  0.85977796659996419     
          21          45  0.95781642350710294     
          22          46  0.86414354903041313     
          23          47  0.95689283470841824     
          24          48  0.86671883684939055     
