    0.03280587
   -0.28878789
    0.24942265
   -0.34189450
    0.09267877
    0.07014052
   -0.42751620
    0.08770205
   -0.32228104
    0.23327214
   -0.33755541
    0.07006632
    0.07510151
   -0.42669785
    0.08746467
   -0.44744028
    0.10677881
   -0.44953145
    0.09238218
   -0.44218866
    0.08450886
   -0.44127849
    0.09254133
   -0.43303334
    0.04698879
    0.04202114
    0.07353974
    0.01082914
    0.04374551
    0.04361230
    0.07811030
    0.30241451
    0.04196756
    0.07575227
    0.07605362
    0.03368700
    0.04868731
    0.31153383
    0.02849025
    0.30043665
    0.02721480
    0.31564785
    0.03754766
    0.32521382
    0.07590722
    0.29528357
    0.03385128
    0.31480331
