           1           2  0.97511903909728104     
           2           3   1.0166298588601219     
           3           4  0.95110348865893402     
           4           5  0.96906015494500486     
           5           6  0.97610960097245059     
           6           7   1.0143416643655294     
           5           8  0.95764722230606780     
           8           9  0.96190416625756403     
           9          10  0.98514139760214392     
          10          11  0.97474052106879960     
          11          12  0.95470031135655797     
          12          13  0.97603981524815975     
          13          14   1.0197176039069453     
          12          15  0.96525974654490010     
          15          16  0.99149771961056254     
          15          17  0.97196944125102835     
          17          18  0.99487772868256175     
          10          19  0.95278667030123354     
          17          19  0.96859914626459065     
          19          20   1.0073670979016844     
           8          21  0.96423625005564062     
          21          22  0.98777506833951589     
           3          23  0.95906249578766378     
          21          23  0.96428795170549964     
          23          24   1.0076806569484087     
           1          25  0.98008335902066790     
           1          26  0.97747105368846876     
           1          27  0.97953842407519631     
           3          28  0.94099857315886060     
           5          29  0.95437307581938846     
           6          30  0.96531272665501000     
           6          31  0.96639421307969875     
           7          32  0.89055510089716883     
           8          33  0.95133984556860285     
          10          34  0.94229356084676830     
          12          35  0.94097508446265277     
          13          36  0.96528177495578515     
          13          37  0.96779868092163124     
          14          38  0.88447191012307691     
          15          39  0.95711570328123352     
          16          40  0.88959077909448858     
          17          41  0.94867236702232094     
          18          42  0.88146942324668642     
          19          43  0.95551020027552147     
          20          44  0.87470968608536659     
          21          45  0.95617331601144673     
          22          46  0.89076052745198120     
          23          47  0.95170512866728574     
          24          48  0.88129056307319820     
