    0.01452911
   -0.32858474
    0.24874351
   -0.35835981
    0.09370198
    0.07974371
   -0.48403301
    0.09079570
   -0.35025753
    0.23931282
   -0.35756244
    0.08060176
    0.06400882
   -0.49079359
    0.09404638
   -0.49590364
    0.10379146
   -0.49934328
    0.10083587
   -0.49113460
    0.08878393
   -0.48582874
    0.09063322
   -0.49859708
    0.06214675
    0.05603244
    0.09727484
    0.01032642
    0.04282230
    0.04809937
    0.06302179
    0.35742449
    0.04828558
    0.05323753
    0.04896939
    0.05613476
    0.06890241
    0.37282880
    0.03413942
    0.36726088
    0.03021136
    0.37525740
    0.03596224
    0.38197629
    0.06777104
    0.35227909
    0.04176840
    0.37873717
