           1           2  0.95662057358286978     
           2           3   1.0149929925137948     
           3           4  0.94763620869285548     
           4           5  0.96344426964347529     
           5           6  0.97706869157018517     
           6           7   1.0130835726948615     
           5           8  0.96260301536599535     
           8           9  0.96327747823787813     
           9          10  0.95891536283350742     
          10          11  0.99109589266373765     
          11          12  0.94394807196021713     
          12          13  0.97188109414609303     
          13          14   1.0103560009982455     
          12          15  0.96609815410201993     
          15          16   1.0041819811981578     
          15          17  0.96895318784404783     
          17          18   1.0001153313460049     
          10          19  0.95685711167701570     
          17          19  0.97038245817429403     
          19          20   1.0115498857947611     
           8          21  0.96326565895375593     
          21          22   1.0013403579647790     
           3          23  0.95846031782019703     
          21          23  0.96216749324205619     
          23          24   1.0057718763859467     
           1          25  0.98026161440062110     
           1          26  0.97800302070640810     
           1          27  0.97613477311566876     
           3          28  0.94241049738360194     
           5          29  0.95571439759665333     
           6          30  0.96297525167889853     
           6          31  0.96162804638673693     
           7          32  0.85739868406096487     
           8          33  0.95576370935312238     
          10          34  0.94422120346954064     
          12          35  0.95019269690172004     
          13          36  0.96913214831094197     
          13          37  0.96819504744518503     
          14          38  0.84891452734334161     
          15          39  0.95543441390123152     
          16          40  0.83208562832152255     
          17          41  0.95432610987664690     
          18          42  0.84135174993137229     
          19          43  0.95347842225974100     
          20          44  0.83563112045689469     
          21          45  0.95688853562686371     
          22          46  0.85738381689867749     
          23          47  0.95308663339755717     
          24          48  0.83845161965592041     
