    0.01961627
   -0.31154926
    0.24993828
   -0.34960562
    0.09346628
    0.08047125
   -0.46308080
    0.09058750
   -0.33744640
    0.24007064
   -0.34906891
    0.07970360
    0.06391127
   -0.46728688
    0.09325099
   -0.48061016
    0.10403369
   -0.47989390
    0.10154856
   -0.46950747
    0.08763021
   -0.46659943
    0.09030509
   -0.47695123
    0.05869255
    0.05142071
    0.09010905
    0.00583781
    0.03868834
    0.04376967
    0.06028275
    0.34048110
    0.04409611
    0.04928361
    0.04392398
    0.05478579
    0.06961001
    0.35061130
    0.03106905
    0.35289055
    0.02872884
    0.35596152
    0.03146471
    0.36186143
    0.06506682
    0.33348303
    0.03766778
    0.35727991
