           1           2  0.96216075926194822     
           2           3   1.0184827503380045     
           3           4  0.94757605992153948     
           4           5  0.96718419712877624     
           5           6  0.97684277193805180     
           6           7   1.0148234627620984     
           5           8  0.96198331048522145     
           8           9  0.96681718059609534     
           9          10  0.96262884474673349     
          10          11  0.99047380580156796     
          11          12  0.94846869582812321     
          12          13  0.97202516186766363     
          13          14   1.0105397104170710     
          12          15  0.96573972473345882     
          15          16   1.0051884888790985     
          15          17  0.96939695874467424     
          17          18   1.0000548889401470     
          10          19  0.95637823911564401     
          17          19  0.97086800844358712     
          19          20   1.0123103189644334     
           8          21  0.96315323811060127     
          21          22   1.0014942351931619     
           3          23  0.95839796243068964     
          21          23  0.96196871460436251     
          23          24   1.0062885805874269     
           1          25  0.98011719378272510     
           1          26  0.97792675981797239     
           1          27  0.97730261586378209     
           3          28  0.94188350358934469     
           5          29  0.95567126674171310     
           6          30  0.96260616093784868     
           6          31  0.96284624442300648     
           7          32  0.86795624139902139     
           8          33  0.95569427845105692     
          10          34  0.94425683220956613     
          12          35  0.94992640072406542     
          13          36  0.96899591625763382     
          13          37  0.96817082989481507     
          14          38  0.86443019060703485     
          15          39  0.95511078501676294     
          16          40  0.83986276787758585     
          17          41  0.95430451503113867     
          18          42  0.85475201426291636     
          19          43  0.95342137881289302     
          20          44  0.85011091046788556     
          21          45  0.95718463904131446     
          22          46  0.87008205083372570     
          23          47  0.95327895587054501     
          24          48  0.85337579844088252     
