    0.02041054
   -0.31233904
    0.25038845
   -0.35057238
    0.09323722
    0.07323547
   -0.46383498
    0.08924030
   -0.33155374
    0.24110228
   -0.35034854
    0.08560083
    0.06881195
   -0.46316462
    0.08029886
   -0.46764278
    0.09342909
   -0.48218921
    0.10133425
   -0.46800151
    0.08980872
   -0.45897464
    0.09078700
   -0.47720828
    0.05865218
    0.05071871
    0.08902768
    0.00329431
    0.04097059
    0.04373015
    0.07118238
    0.33817872
    0.03637338
    0.04570109
    0.04102911
    0.04513031
    0.07578748
    0.33479284
    0.06125018
    0.33990294
    0.03584689
    0.35241186
    0.03173666
    0.35926151
    0.06664792
    0.33305147
    0.03608169
    0.35738469
