           1           2  0.96269249729823614     
           2           3   1.0174716580479939     
           3           4  0.94814433415334276     
           4           5  0.96754409222916482     
           5           6  0.97438422123087298     
           6           7   1.0150104612532835     
           5           8  0.96089929189899714     
           8           9  0.96422866710407040     
           9          10  0.97948524128696801     
          10          11  0.97494571827918242     
          11          12  0.95102280514801529     
          12          13  0.97552344864608354     
          13          14   1.0140758711230076     
          12          15  0.96428542994545319     
          15          16   1.0045435577694168     
          15          17  0.96377956629200567     
          17          18  0.99818034358918872     
          10          19  0.95381720668775949     
          17          19  0.97027248128276411     
          19          20   1.0117661381110572     
           8          21  0.96301718160135708     
          21          22   1.0059699202743899     
           3          23  0.95901208015558370     
          21          23  0.96088711818892603     
          23          24   1.0066122962691380     
           1          25  0.98013820616561387     
           1          26  0.97785796750996723     
           1          27  0.97749907165862060     
           3          28  0.94196415236093911     
           5          29  0.95580970969800827     
           6          30  0.96638708993128430     
           6          31  0.96052761750721405     
           7          32  0.87144636229456296     
           8          33  0.95585313339560263     
          10          34  0.94593803222299166     
          12          35  0.95370987680745722     
          13          36  0.96688690229889318     
          13          37  0.96685747675721179     
          14          38  0.87288534935721052     
          15          39  0.95650799825155375     
          16          40  0.86616741874479275     
          17          41  0.95377873263469004     
          18          42  0.85519312737051756     
          19          43  0.95367951248308824     
          20          44  0.85253267348241579     
          21          45  0.95623633609162162     
          22          46  0.87068945835913281     
          23          47  0.95374435976935301     
          24          48  0.85179434791002806     
