    0.01538394
   -0.32902728
    0.24999862
   -0.35662698
    0.09358805
    0.06813640
   -0.48657604
    0.08808609
   -0.35360300
    0.22969308
   -0.36016577
    0.07632983
    0.06457854
   -0.49239350
    0.09401249
   -0.49777458
    0.10464731
   -0.50389209
    0.09227530
   -0.49689397
    0.08766431
   -0.47929803
    0.09313731
   -0.49948790
    0.06089984
    0.05508131
    0.09683559
    0.00841377
    0.04487134
    0.05145901
    0.07868128
    0.35357258
    0.05146985
    0.08168165
    0.06508937
    0.05409575
    0.06490218
    0.37194099
    0.02865447
    0.36426387
    0.02709086
    0.37288527
    0.04073133
    0.37975073
    0.07274316
    0.34885530
    0.04333478
    0.38090359
