           1           2  0.95782522287150618     
           2           3   1.0131613899320140     
           3           4  0.94959711063649244     
           4           5  0.96437679758465922     
           5           6  0.97668191942106852     
           6           7   1.0104295641987910     
           5           8  0.95872656376368470     
           8           9  0.95412617353496487     
           9          10  0.97299501845329806     
          10          11  0.97612744990427625     
          11          12  0.94914618078926816     
          12          13  0.97325835459789478     
          13          14   1.0078796105546490     
          12          15  0.96593630169719569     
          15          16   1.0027333051437655     
          15          17  0.97047468764019562     
          17          18  0.99615202394499158     
          10          19  0.95396327161274463     
          17          19  0.96811481223206131     
          19          20   1.0059033516472558     
           8          21  0.96254826170623253     
          21          22  0.99527321218756137     
           3          23  0.95937798335118885     
          21          23  0.96342970730850963     
          23          24   1.0062353639277788     
           1          25  0.98045208380665971     
           1          26  0.97798136560937987     
           1          27  0.97617452460975418     
           3          28  0.94204423839522877     
           5          29  0.95443227940747843     
           6          30  0.96612378102776741     
           6          31  0.96413259536599394     
           7          32  0.86059650597960469     
           8          33  0.95263646636622057     
          10          34  0.94210180582053638     
          12          35  0.94268516880879272     
          13          36  0.96920645138343797     
          13          37  0.96900062162750678     
          14          38  0.84916224498638149     
          15          39  0.95521030741222757     
          16          40  0.83174395344384877     
          17          41  0.95037666356872263     
          18          42  0.84363989738181755     
          19          43  0.95583813231530079     
          20          44  0.83788171937881228     
          21          45  0.95654557075434199     
          22          46  0.85751043053573939     
          23          47  0.95225378734677413     
          24          48  0.83785314327831961     
