    0.03262668
   -0.28842383
    0.24944359
   -0.34192979
    0.09272059
    0.06777014
   -0.42738350
    0.08512264
   -0.29843024
    0.24891683
   -0.33142990
    0.07407114
    0.06760308
   -0.43401878
    0.08526921
   -0.43800087
    0.10310813
   -0.44323936
    0.09227663
   -0.42166548
    0.08264494
   -0.45184267
    0.09086063
   -0.43269779
    0.04797178
    0.04179428
    0.07329856
    0.01077088
    0.04542722
    0.03453988
    0.08961007
    0.30153457
    0.05811967
    0.00757677
    0.07738184
    0.02016857
    0.05347705
    0.31221425
    0.01961640
    0.30016234
    0.04956302
    0.31722699
    0.03708803
    0.31818101
    0.07261574
    0.30061942
    0.03504834
    0.31262131
