           1           2  0.97496429211238045     
           2           3   1.0167311548744151     
           3           4  0.95322247075364941     
           4           5  0.96630388330514472     
           5           6  0.97589323175297460     
           6           7   1.0145891517718542     
           5           8  0.96257217939201312     
           8           9  0.95958745685584002     
           9          10  0.99826453860865205     
          10          11  0.97108399712538040     
          11          12  0.96501703630804048     
          12          13  0.96453953356076993     
          13          14   1.0220454688144958     
          12          15  0.96244445864028683     
          15          16  0.99564355931998749     
          15          17  0.96836436431330553     
          17          18   1.0030848203596654     
          10          19  0.94416777095100735     
          17          19  0.96714390673594453     
          19          20   1.0130759482674387     
           8          21  0.96460623851728755     
          21          22  0.98671106829787658     
           3          23  0.95694103794063845     
          21          23  0.96759512159529537     
          23          24   1.0062656306617477     
           1          25  0.98008412261206868     
           1          26  0.97753192603786399     
           1          27  0.97958993903169467     
           3          28  0.94141973146717484     
           5          29  0.95496505827027001     
           6          30  0.96611656188102146     
           6          31  0.96093897938951989     
           7          32  0.89146419505800267     
           8          33  0.95207122810748723     
          10          34  0.94601286431938858     
          12          35  0.95781731258404368     
          13          36  0.96480204271883840     
          13          37  0.97130382106332858     
          14          38  0.87227168133455413     
          15          39  0.95802350771286360     
          16          40  0.89367938192941443     
          17          41  0.95497740640651241     
          18          42  0.87909315409833899     
          19          43  0.95875620054676181     
          20          44  0.88140173847031900     
          21          45  0.95661530797367811     
          22          46  0.88587448359486298     
          23          47  0.95108244613853943     
          24          48  0.88371782416371703     
