    0.01514507
   -0.33082227
    0.24972050
   -0.35475144
    0.09412501
    0.06242700
   -0.49661496
    0.08705643
   -0.33320162
    0.24534409
   -0.35556615
    0.07734642
    0.06206904
   -0.49780161
    0.09385366
   -0.49009557
    0.10193927
   -0.50072616
    0.08848494
   -0.49055837
    0.08787386
   -0.47562905
    0.09092316
   -0.49884262
    0.06481542
    0.05398601
    0.09516690
    0.00498559
    0.04002428
    0.06736447
    0.07079995
    0.36374886
    0.06255079
    0.02160413
    0.08291904
    0.05192288
    0.05344711
    0.37351831
    0.02788292
    0.36960885
    0.04088537
    0.37404647
    0.04161933
    0.38004088
    0.06798244
    0.33930966
    0.04062172
    0.37945000
