           1           2  0.95650068993644455     
           2           3   1.0116133733663619     
           3           4  0.95313168437974749     
           4           5  0.96430174745184360     
           5           6  0.97483677861848639     
           6           7   1.0102000211333211     
           5           8  0.96148126073181983     
           8           9  0.95502925004098427     
           9          10  0.98283728675008253     
          10          11  0.97791332714134160     
          11          12  0.94668894405368864     
          12          13  0.97036154339088532     
          13          14   1.0087137724143249     
          12          15  0.96389113132771109     
          15          16   1.0048248008297773     
          15          17  0.96895182012489001     
          17          18   1.0026180154649655     
          10          19  0.94474575264604210     
          17          19  0.96685812318510800     
          19          20   1.0057862023416340     
           8          21  0.96387190043894400     
          21          22  0.99994707994475907     
           3          23  0.95815203637165947     
          21          23  0.96214867195494269     
          23          24   1.0057698927758840     
           1          25  0.98024175328018537     
           1          26  0.97841295199231004     
           1          27  0.97673766988582678     
           3          28  0.94186994463673535     
           5          29  0.95441425780332967     
           6          30  0.96860281655924718     
           6          31  0.95328962876325585     
           7          32  0.85473671384877148     
           8          33  0.95354892060293361     
          10          34  0.94863541942038365     
          12          35  0.95531487850162256     
          13          36  0.97007428859469491     
          13          37  0.96841851083067487     
          14          38  0.84912719971934525     
          15          39  0.95821257896110157     
          16          40  0.84063232215848149     
          17          41  0.95579753888154539     
          18          42  0.84038894565042754     
          19          43  0.95934942754693031     
          20          44  0.83885738225549433     
          21          45  0.95698140614142257     
          22          46  0.86614880459370902     
          23          47  0.95389655815447150     
          24          48  0.83808115137656070     
