    0.02340943
   -0.35188189
    0.23466296
   -0.34053534
    0.09376877
    0.07594402
   -0.47152730
    0.08918264
   -0.35030531
    0.23856389
   -0.33303658
    0.08639505
    0.06402670
   -0.46788342
    0.09431026
   -0.48406965
    0.09382590
   -0.48494263
    0.09552586
   -0.47745955
    0.10414555
   -0.46435363
    0.08933294
   -0.47873255
    0.05549669
    0.05227551
    0.08448716
    0.03161436
    0.05816069
    0.03376321
    0.05725500
    0.34423330
    0.06629492
    0.04305673
    0.04274616
    0.05534931
    0.06908473
    0.34926376
    0.02679636
    0.34882568
    0.05482686
    0.35003721
    0.03058200
    0.35992832
    0.06463685
    0.33936068
    0.04762158
    0.35593681
