           1           2  0.96335303681867568     
           2           3  0.97763048991641210     
           3           4  0.97776597005823151     
           4           5  0.95627976738231257     
           5           6  0.97909202701802411     
           6           7   1.0124092915766925     
           5           8  0.96842405497141271     
           8           9  0.95451466487169734     
           9          10  0.96692326221351033     
          10          11  0.98841695632166071     
          11          12  0.95400144959972499     
          12          13  0.97451353490317827     
          13          14   1.0085287597173571     
          12          15  0.96472677548260344     
          15          16   1.0035033264428137     
          15          17  0.96942818309091838     
          17          18  0.99234580867835320     
          10          19  0.95521498176027353     
          17          19  0.97223810049004111     
          19          20   1.0037291975432094     
           8          21  0.95998147248594179     
          21          22   1.0085488065790402     
           3          23  0.95584081187029069     
          21          23  0.96320154768319344     
          23          24   1.0061444734622469     
           1          25  0.98010177444247182     
           1          26  0.97787119515371435     
           1          27  0.97787065971919362     
           3          28  0.94447272305165320     
           5          29  0.95575275091120282     
           6          30  0.96642164246882112     
           6          31  0.96951680559378572     
           7          32  0.86568729938633848     
           8          33  0.95164942347175108     
          10          34  0.94662224710419274     
          12          35  0.95675758441868208     
          13          36  0.96863539744974070     
          13          37  0.96831470605126069     
          14          38  0.86502939949547697     
          15          39  0.95536226820409775     
          16          40  0.84093403325307603     
          17          41  0.94816257389237935     
          18          42  0.86138752641570093     
          19          43  0.95436195730823570     
          20          44  0.84994344233088692     
          21          45  0.95666593936229127     
          22          46  0.85681361238899434     
          23          47  0.95698828988860596     
          24          48  0.85722164448370841     
