    0.01451647
   -0.32866377
    0.24905680
   -0.35786172
    0.09512164
    0.07894042
   -0.48302935
    0.09063425
   -0.34541620
    0.23996279
   -0.35612792
    0.08319262
    0.06632363
   -0.48702131
    0.08315889
   -0.48621577
    0.09439939
   -0.50176400
    0.10096567
   -0.49121889
    0.08877883
   -0.48361578
    0.09029416
   -0.49892559
    0.06186309
    0.05637459
    0.09729765
    0.01163767
    0.04079592
    0.05068259
    0.06296395
    0.35549350
    0.04479737
    0.05119173
    0.04410522
    0.04903789
    0.07955705
    0.35256509
    0.06309029
    0.35854155
    0.03384838
    0.37224450
    0.03626036
    0.38073189
    0.06987771
    0.35001853
    0.04205424
    0.37948397
