           1           2  0.95669162806184960     
           2           3   1.0153863940700920     
           3           4  0.94717724426777261     
           4           5  0.96397588742479101     
           5           6  0.97502331837144285     
           6           7   1.0136144141344556     
           5           8  0.96392715908531679     
           8           9  0.96110190766227077     
           9          10  0.97085320445550150     
          10          11  0.98188429903247498     
          11          12  0.94650311919710350     
          12          13  0.97562258413037006     
          13          14   1.0107123257949693     
          12          15  0.96568286900921407     
          15          16   1.0042563587694664     
          15          17  0.96321619932244285     
          17          18  0.99855471567630338     
          10          19  0.95528673744135562     
          17          19  0.96935829793817418     
          19          20   1.0109718778504415     
           8          21  0.96319438647581590     
          21          22   1.0019338753905125     
           3          23  0.95824223768521499     
          21          23  0.96191811938482752     
          23          24   1.0059583784278101     
           1          25  0.98038821561482847     
           1          26  0.97792899938838218     
           1          27  0.97611357207588989     
           3          28  0.94212834921478239     
           5          29  0.95624460952300427     
           6          30  0.96593816604555816     
           6          31  0.95899584022988094     
           7          32  0.85800617001643398     
           8          33  0.95816042763968234     
          10          34  0.94579189167745958     
          12          35  0.94696005629160218     
          13          36  0.96767107079291637     
          13          37  0.96644994678039664     
          14          38  0.86223119400292791     
          15          39  0.95642854815665779     
          16          40  0.85338297651574535     
          17          41  0.95471490044592378     
          18          42  0.84110633021854808     
          19          43  0.95433014524396809     
          20          44  0.83729366337528344     
          21          45  0.95659822947449280     
          22          46  0.85835944122212537     
          23          47  0.95283895499765014     
          24          48  0.83831767851271222     
