    0.02036828
   -0.31221452
    0.25020703
   -0.34912340
    0.09322261
    0.07274937
   -0.46706856
    0.08995199
   -0.32405274
    0.23463999
   -0.34654360
    0.07584591
    0.06768133
   -0.46518740
    0.07824039
   -0.47018455
    0.08872278
   -0.48377415
    0.08176287
   -0.46422731
    0.08871419
   -0.46163417
    0.09020328
   -0.47835778
    0.05831049
    0.05027758
    0.08896251
    0.00386635
    0.03725703
    0.05515522
    0.06418904
    0.33817443
    0.05353020
    0.04222091
    0.07417383
    0.02764713
    0.06942109
    0.33353526
    0.05605957
    0.34326643
    0.04525711
    0.35298784
    0.06897834
    0.33350680
    0.06282557
    0.33385674
    0.03819300
    0.35840568
