           1           2  0.96312305179525493     
           2           3   1.0171685997818543     
           3           4  0.94938780584958882     
           4           5  0.96706310811720775     
           5           6  0.97599796550973972     
           6           7   1.0122432332993287     
           5           8  0.96307695060421505     
           8           9  0.95797811309538716     
           9          10  0.99359163046095489     
          10          11  0.96056673004066218     
          11          12  0.95289630502670097     
          12          13  0.97165222613503455     
          13          14   1.0150661362103346     
          12          15  0.96459566064659619     
          15          16   1.0070362245213020     
          15          17  0.95847805217867010     
          17          18   1.0033156425810907     
          10          19  0.94758294563788981     
          17          19  0.95975709849226765     
          19          20   1.0078972659580283     
           8          21  0.96587895501256926     
          21          22   1.0004909563062385     
           3          23  0.95803215130808284     
          21          23  0.96034038766753826     
          23          24   1.0061782217438553     
           1          25  0.98019537793397671     
           1          26  0.97795431594351800     
           1          27  0.97748354950453420     
           3          28  0.94164553823850095     
           5          29  0.95566102000451925     
           6          30  0.96470708708979458     
           6          31  0.96772925750663097     
           7          32  0.87071367913147868     
           8          33  0.95515342498688838     
          10          34  0.94687564937416635     
          12          35  0.95610161141433503     
          13          36  0.96644318013168018     
          13          37  0.96800040006925014     
          14          38  0.86548900225380687     
          15          39  0.95618282961275181     
          16          40  0.86312900950546578     
          17          41  0.95455085101773085     
          18          42  0.85734319826558603     
          19          43  0.95717835528569073     
          20          44  0.86545304103533538     
          21          45  0.95765017022185739     
          22          46  0.86630630338153713     
          23          47  0.95437063486225360     
          24          48  0.85314179670291768     
