    0.02025734
   -0.31373679
    0.24977969
   -0.34957531
    0.09566485
    0.07555825
   -0.46399997
    0.08874564
   -0.34080598
    0.23772414
   -0.33978514
    0.08449045
    0.06833895
   -0.46571892
    0.08021184
   -0.46747095
    0.09445741
   -0.48115298
    0.09419845
   -0.47414208
    0.09742011
   -0.48346524
    0.09881415
   -0.47573747
    0.05910772
    0.05115497
    0.08937334
    0.00416280
    0.03834080
    0.04258520
    0.06806300
    0.33926942
    0.03981103
    0.05225838
    0.04573089
    0.04703759
    0.07629260
    0.33461084
    0.06296726
    0.34001210
    0.03583144
    0.35229303
    0.04169403
    0.36946398
    0.03244201
    0.34502076
    0.04256506
    0.35984127
