           1           2  0.96208087976520706     
           2           3   1.0174365367379923     
           3           4  0.94816264836425501     
           4           5  0.96906166061512167     
           5           6  0.97508814727110682     
           6           7   1.0151556792176741     
           5           8  0.96162226721034905     
           8           9  0.96215988049417678     
           9          10  0.97207968563257208     
          10          11  0.98302208424532433     
          11          12  0.95078808375602675     
          12          13  0.97645085934022746     
          13          14   1.0129306440535433     
          12          15  0.96393953363707174     
          15          16   1.0052235060000043     
          15          17  0.96329645358347915     
          17          18  0.99832641310762149     
          10          19  0.95293534832651206     
          17          19  0.97158642717349297     
          19          20  0.99708647869106848     
           8          21  0.96339612865839308     
          21          22   1.0072137726885477     
           3          23  0.96017541567234832     
          21          23  0.96485293926028382     
          23          24   1.0070452357233284     
           1          25  0.98011013095212862     
           1          26  0.97790773998246383     
           1          27  0.97749193160399150     
           3          28  0.94121088030288746     
           5          29  0.95521817123483621     
           6          30  0.96670208583175643     
           6          31  0.96643996277765720     
           7          32  0.87037791743674842     
           8          33  0.95543059124858598     
          10          34  0.94682394203415343     
          12          35  0.95619337204075616     
          13          36  0.96669483344903262     
          13          37  0.96652646413314613     
          14          38  0.87378124953075120     
          15          39  0.95674091436230624     
          16          40  0.86627867692694427     
          17          41  0.95348215073870324     
          18          42  0.85547072790950796     
          19          43  0.95569787203584777     
          20          44  0.84247341014166899     
          21          45  0.95559477990902497     
          22          46  0.82442650725852840     
          23          47  0.95614610587062121     
          24          48  0.85399450872840243     
