    0.03216110
   -0.28730985
    0.24842868
   -0.34460485
    0.09367259
    0.07841746
   -0.42710358
    0.09161404
   -0.31625092
    0.24282591
   -0.34850097
    0.07980648
    0.07373544
   -0.42467854
    0.08770565
   -0.44143663
    0.10099942
   -0.44386442
    0.10157354
   -0.42234391
    0.08477770
   -0.42977423
    0.08945319
   -0.43396382
    0.04668441
    0.04317361
    0.07443910
    0.01236246
    0.03831874
    0.04219926
    0.05994478
    0.30812439
    0.03121295
    0.04558288
    0.05086464
    0.03480483
    0.05479649
    0.30635425
    0.02849836
    0.29971447
    0.04734904
    0.31676327
    0.03094523
    0.32574078
    0.07375677
    0.29123776
    0.03441775
    0.31737427
