           1           2  0.97453727619680375     
           2           3   1.0194003745759415     
           3           4  0.94545953200447963     
           4           5  0.96965535094267841     
           5           6  0.97408763603292525     
           6           7   1.0180510150365893     
           5           8  0.96310602830735481     
           8           9  0.96606587743304650     
           9          10  0.98414772903706538     
          10          11  0.97198218022628668     
          11          12  0.95480386854096655     
          12          13  0.97616484222987721     
          13          14   1.0184841068049915     
          12          15  0.96523376676123973     
          15          16  0.99449783201387054     
          15          17  0.96918042265025406     
          17          18  0.99849222999743781     
          10          19  0.95475501790376982     
          17          19  0.97102564184665086     
          19          20   1.0173895410895453     
           8          21  0.96403811968565356     
          21          22  0.99988472132365835     
           3          23  0.95876700118904212     
          21          23  0.96188932518025938     
          23          24   1.0080951108619391     
           1          25  0.98011713966725567     
           1          26  0.97743019280294252     
           1          27  0.97942254720463040     
           3          28  0.94157601942167990     
           5          29  0.95628963048065052     
           6          30  0.96471839422063854     
           6          31  0.96079680093234465     
           7          32  0.88388332046195295     
           8          33  0.95811540282392826     
          10          34  0.94519449079658646     
          12          35  0.94814247383330774     
          13          36  0.96585752951738790     
          13          37  0.96845244955689114     
          14          38  0.88681889863952235     
          15          39  0.95713558067553073     
          16          40  0.89090121311506365     
          17          41  0.95501603628911136     
          18          42  0.88063636583924798     
          19          43  0.95276253180911019     
          20          44  0.87372073781034698     
          21          45  0.95577700349542538     
          22          46  0.89523981241574790     
          23          47  0.95270433289026091     
          24          48  0.87866918044605780     
