    0.01639027
   -0.34088819
    0.24292310
   -0.35931135
    0.09684555
    0.06218362
   -0.49384273
    0.09250660
   -0.36963335
    0.23538156
   -0.34769383
    0.08397936
    0.06422767
   -0.48627563
    0.09309422
   -0.49921779
    0.10147941
   -0.50301430
    0.09376863
   -0.49606039
    0.10828610
   -0.50167457
    0.08877288
   -0.49997041
    0.06115119
    0.05134494
    0.09434649
    0.01445275
    0.04020893
    0.05342342
    0.07957745
    0.36330551
    0.08221908
    0.06086897
    0.05047197
    0.05612658
    0.06975488
    0.36750031
    0.03418530
    0.36423654
    0.03238534
    0.37321834
    0.04275860
    0.38272761
    0.04064014
    0.38047631
    0.04964543
    0.37271750
