           1           2  0.95880833535724097     
           2           3   1.0020090401850892     
           3           4  0.95178650116573049     
           4           5  0.96257667833997784     
           5           6  0.97071700128893124     
           6           7   1.0137314205708488     
           5           8  0.97032925901985267     
           8           9  0.94975579611570460     
           9          10  0.96082505443839594     
          10          11  0.98438909595770674     
          11          12  0.94995443097564747     
          12          13  0.97439326101917545     
          13          14   1.0086828064295239     
          12          15  0.96464013374837199     
          15          16   1.0035169831283599     
          15          17  0.96847727244342008     
          17          18  0.99611834576936420     
          10          19  0.95822273924558043     
          17          19  0.97036323357023768     
          19          20   1.0051400959918475     
           8          21  0.96878475842252387     
          21          22   1.0058297588676917     
           3          23  0.95425032462586334     
          21          23  0.96282299667379223     
          23          24   1.0013922495176826     
           1          25  0.98073307362769824     
           1          26  0.97873065112456159     
           1          27  0.97665419933449393     
           3          28  0.94347740911345102     
           5          29  0.95476149438300184     
           6          30  0.96605146593666946     
           6          31  0.96462494341683469     
           7          32  0.85414373327173831     
           8          33  0.94630785794190853     
          10          34  0.94596855750359699     
          12          35  0.95240539303654870     
          13          36  0.96875035092308348     
          13          37  0.96817543215866642     
          14          38  0.85238375481562090     
          15          39  0.95554094512185317     
          16          40  0.83076378099383041     
          17          41  0.95076066115632041     
          18          42  0.84473848170288934     
          19          43  0.95364970677601868     
          20          44  0.83551107891938681     
          21          45  0.94594293452044798     
          22          46  0.83912921022661979     
          23          47  0.95514565167666843     
          24          48  0.84529650057654393     
