    0.01870182
   -0.31945178
    0.24115671
   -0.34542659
    0.09178818
    0.07331467
   -0.46370953
    0.09593852
   -0.33485213
    0.23882866
   -0.33569176
    0.08245194
    0.06351647
   -0.46808466
    0.09284237
   -0.48205840
    0.10300431
   -0.48164425
    0.09750434
   -0.46778402
    0.10974222
   -0.46406659
    0.08647247
   -0.47377868
    0.06006090
    0.05239522
    0.09033018
    0.00221747
    0.04125742
    0.04175345
    0.06715795
    0.34152267
    0.04495041
    0.04154967
    0.05172820
    0.05631482
    0.06853994
    0.34969909
    0.02777722
    0.35009389
    0.04018400
    0.35278196
    0.02753810
    0.35565220
    0.02649018
    0.35446438
    0.04046582
    0.35636059
