           1           2  0.96011922283802575     
           2           3   1.0133486348444039     
           3           4  0.95116223422469370     
           4           5  0.96972510154734859     
           5           6  0.97576430569835915     
           6           7   1.0154848024225469     
           5           8  0.95914848540709852     
           8           9  0.96951143781268923     
           9          10  0.96400845666136825     
          10          11  0.98861073449253545     
          11          12  0.95108228549081208     
          12          13  0.97569811555331198     
          13          14   1.0088010118863222     
          12          15  0.96446920458228469     
          15          16   1.0043985956593671     
          15          17  0.96779097306016160     
          17          18  0.99764903996125198     
          10          19  0.95151422721765355     
          17          19  0.97394078579185461     
          19          20   1.0106123136447411     
           8          21  0.96691910127409719     
          21          22   1.0104161912341794     
           3          23  0.95291105347626526     
          21          23  0.96841765627835330     
          23          24   1.0039355182240430     
           1          25  0.98069053269691886     
           1          26  0.97800517371863327     
           1          27  0.97726031185249229     
           3          28  0.94033487427164741     
           5          29  0.95485762327477630     
           6          30  0.96697195071664632     
           6          31  0.96807800363369245     
           7          32  0.86910601727151870     
           8          33  0.95904106231770281     
          10          34  0.94850554568768985     
          12          35  0.95699059986865276     
          13          36  0.96845410300184387     
          13          37  0.96821973664206196     
          14          38  0.86477835016143478     
          15          39  0.95546786195413236     
          16          40  0.84106570152284876     
          17          41  0.95512664792099089     
          18          42  0.85842203544680562     
          19          43  0.95115771636133706     
          20          44  0.85379090799183599     
          21          45  0.95377344447343226     
          22          46  0.85296749973413610     
          23          47  0.95632919246841297     
          24          48  0.85543896150818555     
