    0.02500091
   -0.34507237
    0.23617559
   -0.34300512
    0.09579758
    0.07544979
   -0.47024352
    0.09464510
   -0.34803918
    0.24021113
   -0.33153798
    0.08263657
    0.06340160
   -0.46786700
    0.09317771
   -0.48252916
    0.10433777
   -0.47949538
    0.08948798
   -0.47226935
    0.11283849
   -0.48846850
    0.09519349
   -0.48084500
    0.05346158
    0.05008820
    0.08395066
    0.02828505
    0.05535783
    0.03286458
    0.06231455
    0.34361303
    0.04710482
    0.04656955
    0.05198671
    0.05647106
    0.07030744
    0.34989697
    0.03150836
    0.35106220
    0.03338456
    0.35339445
    0.04313235
    0.36957651
    0.04068000
    0.33977992
    0.05189507
    0.35433342
