           1           2  0.96702453623310924     
           2           3  0.98757547726586636     
           3           4  0.97026705622625109     
           4           5  0.95962893248103731     
           5           6  0.97803109899103113     
           6           7   1.0131148113656692     
           5           8  0.96770305989795879     
           8           9  0.95593977703353405     
           9          10  0.96867335570611557     
          10          11  0.99086087541444667     
          11          12  0.95109875999668803     
          12          13  0.97480272122273925     
          13          14   1.0089385189788576     
          12          15  0.96446870289148978     
          15          16   1.0052295524291093     
          15          17  0.96792652320409234     
          17          18  0.99910471213046581     
          10          19  0.95200194649459224     
          17          19  0.97244721235655185     
          19          20  0.99424505527302220     
           8          21  0.96559354241120277     
          21          22   1.0113973323243157     
           3          23  0.95660245333253235     
          21          23  0.96715448606523535     
          23          24   1.0037331749114995     
           1          25  0.97983097816395515     
           1          26  0.97738335576245128     
           1          27  0.97812467258604463     
           3          28  0.94359269520950839     
           5          29  0.95603000397997406     
           6          30  0.96670488924380793     
           6          31  0.96890383212858577     
           7          32  0.86685438212777244     
           8          33  0.95778994154745911     
          10          34  0.94783152353748790     
          12          35  0.95742614304135865     
          13          36  0.96874517594964416     
          13          37  0.96798046032240226     
          14          38  0.86480298023164226     
          15          39  0.95503219410370499     
          16          40  0.83957144037576648     
          17          41  0.95527342642608437     
          18          42  0.85799021046718260     
          19          43  0.95575295484704892     
          20          44  0.84535849667622809     
          21          45  0.95063063235345613     
          22          46  0.81388729649698344     
          23          47  0.95668078538321544     
          24          48  0.85870398389393432     
