    0.02033832
   -0.31226377
    0.24973221
   -0.34911706
    0.09326426
    0.07262998
   -0.46598074
    0.08741976
   -0.32145728
    0.23382135
   -0.35033843
    0.07661991
    0.06739553
   -0.46480567
    0.07862098
   -0.46976948
    0.08777434
   -0.48375433
    0.08126762
   -0.46462760
    0.08990325
   -0.46256728
    0.09034280
   -0.47855883
    0.05848025
    0.05034618
    0.08902600
    0.00384086
    0.03673903
    0.05416716
    0.06239466
    0.33876145
    0.05529847
    0.04557818
    0.07060829
    0.03081087
    0.07106487
    0.33357685
    0.05750379
    0.34344966
    0.04664394
    0.35372055
    0.07076980
    0.33427564
    0.05769832
    0.33350742
    0.03760225
    0.35824571
