           1           2  0.96300993581926309     
           2           3   1.0175855441208526     
           3           4  0.94849648963925348     
           4           5  0.96760147067184288     
           5           6  0.97544517336209347     
           6           7   1.0132790805010630     
           5           8  0.96326742038023849     
           8           9  0.95742090355262643     
           9          10  0.99806448613527532     
          10          11  0.95574789751632372     
          11          12  0.95080821996479925     
          12          13  0.97239423168170391     
          13          14   1.0136948435449347     
          12          15  0.96571495850169908     
          15          16   1.0072983812785732     
          15          17  0.95851963224640424     
          17          18   1.0033834592737130     
          10          19  0.94832523696986604     
          17          19  0.96054746275052594     
          19          20   1.0067442318073836     
           8          21  0.96776888450494791     
          21          22   1.0029685754978577     
           3          23  0.95814004046561041     
          21          23  0.95903047338514780     
          23          24   1.0060096299191592     
           1          25  0.98017165517217786     
           1          26  0.97790771080428796     
           1          27  0.97747239682255138     
           3          28  0.94173689954355200     
           5          29  0.95613224436163124     
           6          30  0.96474781149908106     
           6          31  0.96803208552132514     
           7          32  0.86998387261070720     
           8          33  0.95410926674569685     
          10          34  0.94637128821721761     
          12          35  0.95624647919605343     
          13          36  0.96720964260759745     
          13          37  0.96753743410385873     
          14          38  0.87112173566718742     
          15          39  0.95567079674634026     
          16          40  0.86296136927708911     
          17          41  0.95426495549202295     
          18          42  0.85709917528353097     
          19          43  0.95633896944420982     
          20          44  0.86579790202127216     
          21          45  0.95763638083012859     
          22          46  0.86279894136084323     
          23          47  0.95502882501036856     
          24          48  0.85282841410560162     
