    0.02992212
   -0.28522539
    0.24615005
   -0.33628552
    0.09380657
    0.06996889
   -0.43639148
    0.07877962
   -0.32147565
    0.23632765
   -0.36224602
    0.08839495
    0.06505731
   -0.43406646
    0.09174322
   -0.45443580
    0.09125032
   -0.44071929
    0.08043603
   -0.43077250
    0.09514799
   -0.46017691
    0.09598921
   -0.43113326
    0.05368712
    0.04061324
    0.07269473
    0.01150356
    0.03682956
    0.07343305
    0.04334122
    0.30047882
    0.06632341
    0.04539224
    0.03425463
    0.04802636
    0.06563230
    0.30282388
    0.02937701
    0.32161765
    0.05707130
    0.31486669
    0.08907060
    0.30352335
    0.03500771
    0.31760106
    0.04882361
    0.31796125
