           1           2  0.97373037812170671     
           2           3   1.0200835595855451     
           3           4  0.94615975753274228     
           4           5  0.97954073311797196     
           5           6  0.97628816237225968     
           6           7   1.0129397772007469     
           5           8  0.96339139097499171     
           8           9  0.93634913532421182     
           9          10   1.0126324547880972     
          10          11  0.93293556816513890     
          11          12  0.95609941078815486     
          12          13  0.97114909454784926     
          13          14   1.0040468718960414     
          12          15  0.96764525837411464     
          15          16   1.0068008841763443     
          15          17  0.96370004997853154     
          17          18   1.0048820714046713     
          10          19  0.95361548890303949     
          17          19  0.96157999350373236     
          19          20   1.0072356537252465     
           8          21  0.97071599325733882     
          21          22  0.99865662286295276     
           3          23  0.95909410417041485     
          21          23  0.96560409985195594     
          23          24   1.0078951989968621     
           1          25  0.97986106433274667     
           1          26  0.97776651636591749     
           1          27  0.97987116133527641     
           3          28  0.94081100385211225     
           5          29  0.95365629423439657     
           6          30  0.96744428242573755     
           6          31  0.96415985039883578     
           7          32  0.88092480587563526     
           8          33  0.95262425178013732     
          10          34  0.94535237816497975     
          12          35  0.95555002598156513     
          13          36  0.96941367499335207     
          13          37  0.96873162952294312     
          14          38  0.89440692111872055     
          15          39  0.95483473972509292     
          16          40  0.85818496515063725     
          17          41  0.95531495767291275     
          18          42  0.88501794193423189     
          19          43  0.95034113578744306     
          20          44  0.88508436070775698     
          21          45  0.95520120608166881     
          22          46  0.85764420552734444     
          23          47  0.95535909136687003     
          24          48  0.88209807553161634     
