    0.03250560
   -0.28637221
    0.24849216
   -0.34685514
    0.09369567
    0.08150457
   -0.42952359
    0.09027106
   -0.31561367
    0.23994221
   -0.34691368
    0.08185319
    0.06781207
   -0.43412449
    0.09217667
   -0.45640238
    0.10030833
   -0.44509621
    0.10048730
   -0.42194217
    0.08453577
   -0.43230657
    0.08969073
   -0.43363382
    0.04500414
    0.04313424
    0.07475989
    0.01197817
    0.04084554
    0.03058893
    0.05980514
    0.30995307
    0.03679455
    0.05154161
    0.03850765
    0.04566094
    0.06843439
    0.30331337
    0.02898259
    0.32111533
    0.03898149
    0.31848526
    0.03162025
    0.32621536
    0.07398964
    0.29306748
    0.03507760
    0.31765200
