           1           2  0.97508904490265780     
           2           3   1.0196825724264744     
           3           4  0.94385661177635694     
           4           5  0.96929897301007573     
           5           6  0.97664647261805015     
           6           7   1.0172585702794885     
           5           8  0.96302147580803643     
           8           9  0.96944709315791178     
           9          10  0.97599935167172991     
          10          11  0.97654118122211520     
          11          12  0.95930662254631693     
          12          13  0.97568647531080877     
          13          14   1.0042415890922047     
          12          15  0.96509520551356398     
          15          16   1.0022601554061312     
          15          17  0.97030677403563503     
          17          18  0.99849351148306398     
          10          19  0.95585986161824443     
          17          19  0.97086213582963587     
          19          20   1.0169950475046279     
           8          21  0.96424108132962272     
          21          22  0.99901116563910797     
           3          23  0.95909891746619702     
          21          23  0.96188936175413264     
          23          24   1.0081626952403300     
           1          25  0.98009701750569067     
           1          26  0.97733579381341573     
           1          27  0.97934448018475484     
           3          28  0.94180540672844093     
           5          29  0.95589350203767309     
           6          30  0.96364422641464642     
           6          31  0.96324794029901972     
           7          32  0.88205592018727397     
           8          33  0.95648997537138869     
          10          34  0.94398497732591147     
          12          35  0.94702802350780269     
          13          36  0.96900067664578726     
          13          37  0.96870637122657843     
          14          38  0.89357914917811199     
          15          39  0.95520230105920723     
          16          40  0.85960972016169257     
          17          41  0.95508485464807757     
          18          42  0.87915231480784506     
          19          43  0.95272700380446085     
          20          44  0.87370671619964158     
          21          45  0.95587311833377675     
          22          46  0.89435710007986469     
          23          47  0.95290056034011572     
          24          48  0.87859014423362980     
