    0.03062649
   -0.28475684
    0.24670850
   -0.33855717
    0.09536949
    0.07647977
   -0.44199738
    0.08896054
   -0.34125692
    0.24110333
   -0.33829975
    0.08328160
    0.06423984
   -0.43427059
    0.09292849
   -0.45537863
    0.10146522
   -0.44827988
    0.09174041
   -0.44120824
    0.09643667
   -0.46960194
    0.09649897
   -0.43187010
    0.05194412
    0.04020277
    0.07285114
    0.01025465
    0.03832428
    0.07196537
    0.03015293
    0.30888848
    0.04031986
    0.05081864
    0.05123157
    0.05635732
    0.06941297
    0.30499958
    0.03087617
    0.32339681
    0.04323868
    0.31980677
    0.04124677
    0.33660562
    0.03135364
    0.32497980
    0.04976414
    0.32064600
