           1           2  0.97452493249205185     
           2           3   1.0201271415091224     
           3           4  0.94302377499283707     
           4           5  0.98258584136126137     
           5           6  0.96996781230473750     
           6           7   1.0189752249156092     
           5           8  0.95948063422694407     
           8           9  0.94736782043411261     
           9          10  0.98161950881402404     
          10          11  0.97412464198914372     
          11          12  0.95522386340679699     
          12          13  0.97652357823073954     
          13          14   1.0040595836848425     
          12          15  0.96499361592934574     
          15          16   1.0049139351686169     
          15          17  0.96949588736173198     
          17          18  0.99725401600930375     
          10          19  0.95252832066421755     
          17          19  0.97352161809801407     
          19          20  0.99519134586873947     
           8          21  0.96754964957105949     
          21          22   1.0070699022830283     
           3          23  0.96133582097380021     
          21          23  0.96210725340650438     
          23          24   1.0089572967983806     
           1          25  0.97994356616590772     
           1          26  0.97765207826033818     
           1          27  0.97982690889607837     
           3          28  0.94081000718606778     
           5          29  0.95357630213973832     
           6          30  0.96762431433793372     
           6          31  0.96802004360066796     
           7          32  0.87282274764089118     
           8          33  0.95780469493847264     
          10          34  0.94751671284696193     
          12          35  0.95544052766536325     
          13          36  0.96840309956464599     
          13          37  0.96844555230063256     
          14          38  0.89310540013385320     
          15          39  0.95456840874874249     
          16          40  0.85744936438906083     
          17          41  0.95428883512658580     
          18          42  0.87904828727321449     
          19          43  0.95468516601319720     
          20          44  0.86529017131044839     
          21          45  0.95412685779826767     
          22          46  0.82838650989100293     
          23          47  0.95530955193722666     
          24          48  0.87943790042753778     
