    0.02004636
   -0.31204337
    0.24948531
   -0.34978214
    0.09424207
    0.07542078
   -0.46418996
    0.09030525
   -0.33367651
    0.23957501
   -0.34575137
    0.08533614
    0.06871458
   -0.46509020
    0.08020687
   -0.46822985
    0.09391821
   -0.48235563
    0.09888541
   -0.46647969
    0.08891056
   -0.45267475
    0.09043436
   -0.47740912
    0.05886693
    0.05112758
    0.08923584
    0.00453873
    0.04110184
    0.04326780
    0.06818910
    0.33979338
    0.03528285
    0.04712353
    0.04343462
    0.04563099
    0.07557279
    0.33468140
    0.06096141
    0.33971400
    0.03545155
    0.35149622
    0.03154025
    0.35801628
    0.06263223
    0.33169086
    0.03486255
    0.35798891
