           1           2  0.96255056334961253     
           2           3   1.0184355304906638     
           3           4  0.94648597882049246     
           4           5  0.97005041136707393     
           5           6  0.97441854830765962     
           6           7   1.0156624524801858     
           5           8  0.95955314214281817     
           8           9  0.96666775479217137     
           9          10  0.97436584445005037     
          10          11  0.97741180802212413     
          11          12  0.95170699756766419     
          12          13  0.97689992879946463     
          13          14   1.0129866018062827     
          12          15  0.96394972924232469     
          15          16   1.0043832650183322     
          15          17  0.96352991311924097     
          17          18  0.99789985302410700     
          10          19  0.95298937492020197     
          17          19  0.97056990190041936     
          19          20   1.0118741187945286     
           8          21  0.96412225954395647     
          21          22   1.0078565505852997     
           3          23  0.95904518768949965     
          21          23  0.95818266118129702     
          23          24   1.0073974612098786     
           1          25  0.98019150931179255     
           1          26  0.97777204893652381     
           1          27  0.97747087425817980     
           3          28  0.94193665554344086     
           5          29  0.95556082320718083     
           6          30  0.96662754942217077     
           6          31  0.96489649249343223     
           7          32  0.87028489498744155     
           8          33  0.95438666572462161     
          10          34  0.94722895825373887     
          12          35  0.95519441023860174     
          13          36  0.96673394108110566     
          13          37  0.96676735131576896     
          14          38  0.87345378023574771     
          15          39  0.95693508587953013     
          16          40  0.86643762651221512     
          17          41  0.95361420199879110     
          18          42  0.85596203037088947     
          19          43  0.95318189818646160     
          20          44  0.85317523177164101     
          21          45  0.95644870093905343     
          22          46  0.87160286718012037     
          23          47  0.95433334669648051     
          24          48  0.85010277133089363     
