    0.01923859
   -0.31099625
    0.24997714
   -0.34813062
    0.09451415
    0.07904845
   -0.46082525
    0.08930208
   -0.33202656
    0.24126114
   -0.35229154
    0.08342176
    0.06440918
   -0.46725137
    0.09339165
   -0.48180818
    0.10173115
   -0.48043105
    0.10165392
   -0.46909231
    0.08743106
   -0.46459547
    0.09017171
   -0.47627540
    0.05845030
    0.05217124
    0.09068159
    0.00723761
    0.03809530
    0.04185760
    0.06094803
    0.33965208
    0.04064672
    0.04696342
    0.03941663
    0.05386221
    0.07026119
    0.35093640
    0.02957608
    0.35198584
    0.03424219
    0.35510303
    0.03057970
    0.36061345
    0.06803721
    0.33165316
    0.03769453
    0.35750648
