           1           2  0.96200226117432552     
           2           3   1.0193260238866515     
           3           4  0.94593977640713744     
           4           5  0.96862164742146217     
           5           6  0.97436784544736088     
           6           7   1.0169731877623867     
           5           8  0.96382945199441739     
           8           9  0.96352245021843097     
           9          10  0.97626002656375632     
          10          11  0.97821923214632045     
          11          12  0.95395912079190315     
          12          13  0.97296433187771192     
          13          14   1.0100608337684067     
          12          15  0.96520359865467420     
          15          16   1.0049338703639543     
          15          17  0.96932533208156291     
          17          18  0.99913265859653777     
          10          19  0.95534620877941134     
          17          19  0.97117629117323112     
          19          20   1.0119615180066033     
           8          21  0.96316120907399405     
          21          22   1.0021946060905382     
           3          23  0.95851040778108265     
          21          23  0.96168858645988509     
          23          24   1.0067891351082880     
           1          25  0.98028285239529611     
           1          26  0.97789243619622723     
           1          27  0.97720860439627399     
           3          28  0.94211547148689878     
           5          29  0.95641997915122423     
           6          30  0.96556347746579385     
           6          31  0.95991529125141373     
           7          32  0.86602869083932510     
           8          33  0.95777975214036792     
          10          34  0.94596267396021672     
          12          35  0.94730380403733894     
          13          36  0.96882255772912673     
          13          37  0.96802795731314750     
          14          38  0.86410619629186780     
          15          39  0.95507298619431436     
          16          40  0.83863769770202001     
          17          41  0.95610644953732860     
          18          42  0.85572993953719811     
          19          43  0.95379073322778896     
          20          44  0.85111031166109674     
          21          45  0.95683417607304033     
          22          46  0.87078332938480107     
          23          47  0.95304925192015366     
          24          48  0.85333866305736716     
