    0.01567754
   -0.32919644
    0.24904513
   -0.35964475
    0.09203901
    0.06288031
   -0.48626957
    0.08866543
   -0.33448242
    0.24356116
   -0.35377989
    0.07673989
    0.06144973
   -0.49901661
    0.09325553
   -0.49043668
    0.10223087
   -0.50115156
    0.08761096
   -0.49177072
    0.08854844
   -0.47491621
    0.09111548
   -0.49907975
    0.06107757
    0.05490333
    0.09670424
    0.00672586
    0.04565944
    0.04464409
    0.09205230
    0.35108322
    0.06209171
    0.02712148
    0.08430224
    0.05415893
    0.05185024
    0.37419353
    0.02820398
    0.36977017
    0.04124711
    0.37399117
    0.04089444
    0.37869397
    0.06742482
    0.33959929
    0.04150091
    0.37903106
