           1           2  0.95767997094629032     
           2           3   1.0127975224551633     
           3           4  0.95046225677157226     
           4           5  0.95997657194121921     
           5           6  0.97675730981861897     
           6           7   1.0097057539703473     
           5           8  0.96352001975326285     
           8           9  0.95444244627126751     
           9          10  0.98382821753524374     
          10          11  0.97706690303005017     
          11          12  0.94799981430106994     
          12          13  0.97031851423115689     
          13          14   1.0085576272884431     
          12          15  0.96354489937950050     
          15          16   1.0042866233924670     
          15          17  0.96928056607842417     
          17          18   1.0024717745525398     
          10          19  0.94430211919710516     
          17          19  0.96605734969921953     
          19          20   1.0039005242225669     
           8          21  0.96414342685695509     
          21          22   1.0004056611081866     
           3          23  0.95867536506069473     
          21          23  0.96253309503137496     
          23          24   1.0052173865613505     
           1          25  0.98033094445879287     
           1          26  0.97798067989452298     
           1          27  0.97623090630771014     
           3          28  0.94260055689314970     
           5          29  0.95616653064706436     
           6          30  0.96658284784901527     
           6          31  0.95196782020342052     
           7          32  0.86238530057401275     
           8          33  0.95376432148523005     
          10          34  0.94869476869158864     
          12          35  0.95512555331631011     
          13          36  0.96967378780173086     
          13          37  0.96804862743595577     
          14          38  0.84877476445371514     
          15          39  0.95823968140620441     
          16          40  0.84166472522122615     
          17          41  0.95582775309388213     
          18          42  0.84051300454997224     
          19          43  0.95941702165489540     
          20          44  0.83986556933332801     
          21          45  0.95690096230233990     
          22          46  0.86514098596100886     
          23          47  0.95381815285476224     
          24          48  0.83824152168160215     
