    0.03144323
   -0.28876266
    0.24958721
   -0.34188990
    0.09401518
    0.07422054
   -0.42714520
    0.08093309
   -0.33436215
    0.23841326
   -0.32182749
    0.08420076
    0.07171405
   -0.42882297
    0.08128590
   -0.44183177
    0.08182066
   -0.45724889
    0.09422420
   -0.44154113
    0.08577584
   -0.44957888
    0.09216355
   -0.43356000
    0.05058576
    0.04163438
    0.07369879
    0.01043336
    0.03346912
    0.06317877
    0.03926816
    0.30832898
    0.07868323
    0.05244977
    0.04577080
    0.04087095
    0.06682833
    0.30670663
    0.05913531
    0.30089750
    0.05047459
    0.31025071
    0.03593566
    0.32142290
    0.06525196
    0.30328745
    0.03447141
    0.31373905
