           1           2  0.97376972676902041     
           2           3   1.0179698793275471     
           3           4  0.94818420293386363     
           4           5  0.97211136209677462     
           5           6  0.97529975787448742     
           6           7   1.0191842902229629     
           5           8  0.95721438480133569     
           8           9  0.96006973356575498     
           9          10  0.96872383242135451     
          10          11  0.98859227165613262     
          11          12  0.95510013495354285     
          12          13  0.97784074140003141     
          13          14   1.0160477846231908     
          12          15  0.96447626180090984     
          15          16  0.99830321386177934     
          15          17  0.96710068945905359     
          17          18  0.98777638544776003     
          10          19  0.95417038497154838     
          17          19  0.96963068991544454     
          19          20   1.0022650256713539     
           8          21  0.96706996539970858     
          21          22  0.98607945818824438     
           3          23  0.95966470604546772     
          21          23  0.96350953674047779     
          23          24   1.0072389895586216     
           1          25  0.98015652541776521     
           1          26  0.97775989986205647     
           1          27  0.97962305476169687     
           3          28  0.94166506918648663     
           5          29  0.95601133897841062     
           6          30  0.96853625857979153     
           6          31  0.96550807410993666     
           7          32  0.88627830009240149     
           8          33  0.94874341409881446     
          10          34  0.94542819868320338     
          12          35  0.95592077533572417     
          13          36  0.96563374251502920     
          13          37  0.96818332284584430     
          14          38  0.88962234801626816     
          15          39  0.95771246609464267     
          16          40  0.89084420436934719     
          17          41  0.94012101562084993     
          18          42  0.88353266636151573     
          19          43  0.95650589333937275     
          20          44  0.87668839150737443     
          21          45  0.95744869120608189     
          22          46  0.88663736912267366     
          23          47  0.95244554328572006     
          24          48  0.88074722924647464     
