    0.01527101
   -0.32899389
    0.24925642
   -0.35781099
    0.09306274
    0.07155162
   -0.48803445
    0.09137718
   -0.33905971
    0.23499115
   -0.35205172
    0.07715873
    0.06513926
   -0.48245971
    0.08124403
   -0.49143508
    0.08957150
   -0.50662115
    0.08231805
   -0.48034071
    0.08920902
   -0.47755238
    0.09077833
   -0.50038529
    0.06141290
    0.05494581
    0.09633473
    0.00838907
    0.04226866
    0.05648654
    0.07045026
    0.35497968
    0.05848050
    0.04465956
    0.07996599
    0.03014813
    0.07289164
    0.34346548
    0.05655589
    0.36327356
    0.04874668
    0.37322334
    0.06947756
    0.34665799
    0.06813332
    0.34851550
    0.04351788
    0.38083540
