           1           2  0.95765785024300243     
           2           3   1.0135294671157367     
           3           4  0.94968890705386277     
           4           5  0.96293419425703664     
           5           6  0.97654110816251716     
           6           7   1.0103503404627681     
           5           8  0.96332811330777368     
           8           9  0.95498558276856671     
           9          10  0.98581548419168974     
          10          11  0.96487242733885004     
          11          12  0.94909150009758569     
          12          13  0.97225775691999849     
          13          14   1.0125307539476502     
          12          15  0.96401467396246709     
          15          16   1.0062069143861967     
          15          17  0.95921764799274989     
          17          18   1.0017274316002598     
          10          19  0.94800654688903851     
          17          19  0.95983637267434097     
          19          20   1.0071212590143401     
           8          21  0.96530320090259492     
          21          22  0.99719825688868402     
           3          23  0.95814907189838494     
          21          23  0.96125982936403065     
          23          24   1.0058879887695527     
           1          25  0.98034903072052126     
           1          26  0.97807283866613182     
           1          27  0.97629726729449828     
           3          28  0.94221596540228447     
           5          29  0.95542632818866846     
           6          30  0.96547895859268773     
           6          31  0.96647586915164863     
           7          32  0.85996699451797964     
           8          33  0.95536242258366655     
          10          34  0.94693296758435830     
          12          35  0.95572630448216533     
          13          36  0.96669784889947108     
          13          37  0.96728461147076683     
          14          38  0.85542749245946093     
          15          39  0.95633300427864709     
          16          40  0.84927633979736949     
          17          41  0.95473860671172439     
          18          42  0.84309520621977274     
          19          43  0.95766368966286275     
          20          44  0.85657168071052914     
          21          45  0.95735083170580149     
          22          46  0.85789472385848609     
          23          47  0.95379129469585422     
          24          48  0.83796870052681716     
