    0.01517500
   -0.32861660
    0.24851890
   -0.35794164
    0.09274855
    0.07244342
   -0.48593628
    0.08412783
   -0.33195045
    0.23307651
   -0.35663801
    0.07881910
    0.06560048
   -0.48493822
    0.08236908
   -0.49113075
    0.08873780
   -0.50700386
    0.08215312
   -0.48202718
    0.09062924
   -0.47391361
    0.09010891
   -0.49992847
    0.06136494
    0.05535099
    0.09670281
    0.00846877
    0.04223945
    0.05367800
    0.06465443
    0.35631703
    0.06293738
    0.04921019
    0.07206966
    0.03315313
    0.07396078
    0.34725480
    0.05771655
    0.36350197
    0.05040832
    0.37497400
    0.07084674
    0.35051073
    0.06296310
    0.34691705
    0.04113378
    0.37918250
