           1           2  0.95754723318847801     
           2           3   1.0146548409998233     
           3           4  0.94759910591348828     
           4           5  0.96438895909635147     
           5           6  0.97569067055057146     
           6           7   1.0123322828895986     
           5           8  0.96396253232717588     
           8           9  0.95301122469639643     
           9          10  0.99818297993280924     
          10          11  0.95472775261170284     
          11          12  0.95012274946486963     
          12          13  0.97439470990665478     
          13          14   1.0100488396328389     
          12          15  0.96628583849760086     
          15          16   1.0062686023752354     
          15          17  0.95905974695502161     
          17          18   1.0020666332290424     
          10          19  0.94963439299724750     
          17          19  0.96122828320029396     
          19          20   1.0044964031513177     
           8          21  0.96576825330101701     
          21          22   1.0045032237043872     
           3          23  0.95834275279398906     
          21          23  0.96010612605282275     
          23          24   1.0056190912138263     
           1          25  0.98042327455961564     
           1          26  0.97793220951227722     
           1          27  0.97623571963456512     
           3          28  0.94257891431163210     
           5          29  0.95605234213949220     
           6          30  0.96581447743138371     
           6          31  0.96700263083995530     
           7          32  0.85855195700959297     
           8          33  0.95316790811526309     
          10          34  0.94497387788404230     
          12          35  0.95578210892210036     
          13          36  0.96735855352818478     
          13          37  0.96723685762880485     
          14          38  0.86363547334736612     
          15          39  0.95567404363427533     
          16          40  0.84899371208472552     
          17          41  0.95416554143081611     
          18          42  0.84206932198469397     
          19          43  0.95557800581520969     
          20          44  0.85636962498843405     
          21          45  0.95718957096133683     
          22          46  0.85994314975553410     
          23          47  0.95417639084034755     
          24          48  0.83736746445104293     
