    0.03274040
   -0.28657197
    0.24823710
   -0.34776731
    0.09284196
    0.08208241
   -0.42827806
    0.09106603
   -0.31708878
    0.23918372
   -0.34577731
    0.08157061
    0.06779969
   -0.43369574
    0.09227047
   -0.45579661
    0.10106234
   -0.44485351
    0.10016798
   -0.42161403
    0.08478699
   -0.43283817
    0.08971005
   -0.43384199
    0.04472153
    0.04279807
    0.07451648
    0.01180845
    0.04215538
    0.02949157
    0.06145083
    0.30829355
    0.03663957
    0.05417514
    0.03820909
    0.04538413
    0.06878209
    0.30259844
    0.02942612
    0.32080734
    0.03740068
    0.31860385
    0.03168540
    0.32645848
    0.07270337
    0.29382146
    0.03493306
    0.31773964
