           1           2  0.97540767206225931     
           2           3   1.0189882069960441     
           3           4  0.94471707281452810     
           4           5  0.96866144312406233     
           5           6  0.97757448459336405     
           6           7   1.0164289834836728     
           5           8  0.96197840492058151     
           8           9  0.97100174926842986     
           9          10  0.97103219863823442     
          10          11  0.98049579318045388     
          11          12  0.95802816221601339     
          12          13  0.97535550195474630     
          13          14   1.0043813569194986     
          12          15  0.96496280573176019     
          15          16   1.0022919670626642     
          15          17  0.97031591579987231     
          17          18  0.99876064825883337     
          10          19  0.95598191652137798     
          17          19  0.97074374129826679     
          19          20   1.0173223191947880     
           8          21  0.96410133988667690     
          21          22  0.99890415248490660     
           3          23  0.95903126768557190     
          21          23  0.96195461380537783     
          23          24   1.0081015708230356     
           1          25  0.98011226224744541     
           1          26  0.97737189788421897     
           1          27  0.97935879505598078     
           3          28  0.94199007596452211     
           5          29  0.95554828162777583     
           6          30  0.96170800785086552     
           6          31  0.96390017174673792     
           7          32  0.88475986488488434     
           8          33  0.95550251186488933     
          10          34  0.94342738153303229     
          12          35  0.94774428034608449     
          13          36  0.96922496611900488     
          13          37  0.96866441078250143     
          14          38  0.89412087237116755     
          15          39  0.95532615738994464     
          16          40  0.86047676558848774     
          17          41  0.95394175194671471     
          18          42  0.87899647308925677     
          19          43  0.95248387880867225     
          20          44  0.87349660699255272     
          21          45  0.95599855062763561     
          22          46  0.89422892346836114     
          23          47  0.95300159462328804     
          24          48  0.87832759988931142     
