    0.02013970
   -0.31436788
    0.25078924
   -0.34508428
    0.09466580
    0.06156814
   -0.47234214
    0.08707676
   -0.32015587
    0.24746920
   -0.34585781
    0.07629078
    0.06158392
   -0.47311134
    0.09351941
   -0.47354098
    0.10211564
   -0.48104726
    0.08920706
   -0.46738599
    0.08716741
   -0.46022255
    0.09048247
   -0.47781332
    0.06194255
    0.04895045
    0.08751605
    0.00036823
    0.03435892
    0.06699180
    0.07119307
    0.33972888
    0.05878934
    0.01592553
    0.07764659
    0.04938079
    0.05516499
    0.35061953
    0.02414759
    0.35325117
    0.03956866
    0.35498060
    0.03789888
    0.35789319
    0.06383288
    0.32509597
    0.03614025
    0.35746799
