           1           2  0.96230715468172900     
           2           3   1.0144975580114630     
           3           4  0.95406824306399218     
           4           5  0.96803664930429023     
           5           6  0.97441669473816706     
           6           7   1.0105502894438636     
           5           8  0.96040592506504652     
           8           9  0.95866203737695410     
           9          10  0.98599666612288839     
          10          11  0.97844619796613042     
          11          12  0.95095173638194752     
          12          13  0.96980539529393883     
          13          14   1.0091013745839645     
          12          15  0.96422986848039383     
          15          16   1.0054604548140209     
          15          17  0.96937714268442010     
          17          18   1.0029488088634826     
          10          19  0.94447878141852215     
          17          19  0.96695452465526344     
          19          20   1.0063919310733194     
           8          21  0.96412382010874864     
          21          22   1.0002643274311807     
           3          23  0.95786395004825386     
          21          23  0.96221184505371538     
          23          24   1.0056217752425767     
           1          25  0.98012221452955894     
           1          26  0.97832484431699029     
           1          27  0.97791066386134773     
           3          28  0.94129297378766608     
           5          29  0.95448385424034099     
           6          30  0.96866592523362405     
           6          31  0.95302347750693661     
           7          32  0.87144898320908293     
           8          33  0.95375734410953461     
          10          34  0.94839507909078125     
          12          35  0.95571609401544899     
          13          36  0.97012962452437634     
          13          37  0.96869974456290053     
          14          38  0.86517297188654418     
          15          39  0.95769801168507063     
          16          40  0.84933767473713673     
          17          41  0.95545043047589040     
          18          42  0.85371770745517217     
          19          43  0.95915711424297501     
          20          44  0.85464673882690223     
          21          45  0.95730801415702793     
          22          46  0.87549796907181343     
          23          47  0.95417818915151820     
          24          48  0.85339546376599207     
