    0.02033270
   -0.31335484
    0.24995605
   -0.34918657
    0.09612001
    0.07520954
   -0.46366001
    0.08767543
   -0.34298897
    0.23726313
   -0.33733532
    0.08372197
    0.06831215
   -0.46552454
    0.08015947
   -0.46756690
    0.09500134
   -0.48084321
    0.09295293
   -0.47288180
    0.09807245
   -0.48647937
    0.09897072
   -0.47570152
    0.05870738
    0.05121236
    0.08957773
    0.00380677
    0.03881637
    0.04196479
    0.06765450
    0.33948706
    0.04056009
    0.05246297
    0.04849105
    0.04692797
    0.07632912
    0.33427968
    0.06306431
    0.33985456
    0.03460494
    0.35238569
    0.04265669
    0.37040445
    0.03202126
    0.34410829
    0.04277424
    0.35962287
