           1           2  0.96235158955529398     
           2           3   1.0178406931853266     
           3           4  0.94731331723424217     
           4           5  0.97041169857380249     
           5           6  0.97481887311792570     
           6           7   1.0155804442092995     
           5           8  0.96055316503529331     
           8           9  0.96100454180152595     
           9          10  0.97068333131337958     
          10          11  0.98443072229084072     
          11          12  0.95020182188183466     
          12          13  0.97672528395766822     
          13          14   1.0129238521167327     
          12          15  0.96388074445012317     
          15          16   1.0052837334220492     
          15          17  0.96314647837803413     
          17          18  0.99849086915066998     
          10          19  0.95223335398844877     
          17          19  0.97152635071938931     
          19          20  0.99594081491948783     
           8          21  0.96399664730113621     
          21          22   1.0078675082372490     
           3          23  0.96055929655217431     
          21          23  0.96390555963017954     
          23          24   1.0069486918979387     
           1          25  0.98019858888958589     
           1          26  0.97779799671980139     
           1          27  0.97744260308828523     
           3          28  0.94121548396284138     
           5          29  0.95477753519195252     
           6          30  0.96672466671146162     
           6          31  0.96731781441647968     
           7          32  0.87031983471388652     
           8          33  0.95606299340199585     
          10          34  0.94738912606259940     
          12          35  0.95653150839188039     
          13          36  0.96645806511559740     
          13          37  0.96647091029754439     
          14          38  0.87409521890620412     
          15          39  0.95666882741251058     
          16          40  0.86629759658883287     
          17          41  0.95333301956226202     
          18          42  0.85556340331963565     
          19          43  0.95553170013663880     
          20          44  0.84194271511109253     
          21          45  0.95521462429279091     
          22          46  0.81789593895859580     
          23          47  0.95642987122358625     
          24          48  0.85435210219060820     
