    0.01398206
   -0.35130650
    0.24719432
   -0.35828245
    0.09540790
    0.07356257
   -0.49450899
    0.09587142
   -0.37388134
    0.23526508
   -0.33896310
    0.08895437
    0.06562022
   -0.48680210
    0.08639751
   -0.48668629
    0.10037731
   -0.51062433
    0.09732582
   -0.48518178
    0.09361762
   -0.49030560
    0.09074157
   -0.50317714
    0.06474049
    0.05696237
    0.09491382
    0.02449635
    0.05696608
    0.04503991
    0.06704798
    0.35991897
    0.05644843
    0.04928429
    0.05000526
    0.04932883
    0.07501222
    0.34643978
    0.06171321
    0.35500025
    0.05282122
    0.38126878
    0.04700855
    0.36142952
    0.05865668
    0.35030006
    0.05072772
    0.37987110
