           1           2  0.95470157025385327     
           2           3  0.99057460244117368     
           3           4  0.96190438124365052     
           4           5  0.95419682730100330     
           5           6  0.97805238170325937     
           6           7   1.0095277991514042     
           5           8  0.96680259540102531     
           8           9  0.96508998188728112     
           9          10  0.93524775602141719     
          10          11   1.0089997300518689     
          11          12  0.94258125754877398     
          12          13  0.97924709971007684     
          13          14   1.0064566709927047     
          12          15  0.96186380473218591     
          15          16   1.0076684693350140     
          15          17  0.95575006936921647     
          17          18   1.0031165667600439     
          10          19  0.94863595227125264     
          17          19  0.97378883726562560     
          19          20   1.0033829809367847     
           8          21  0.95213661399769012     
          21          22   1.0064017457148711     
           3          23  0.96322365895366646     
          21          23  0.96442153374649553     
          23          24   1.0039999349222708     
           1          25  0.98019923286763322     
           1          26  0.97834766757281511     
           1          27  0.97635380784515813     
           3          28  0.94427930495443291     
           5          29  0.95573146678659038     
           6          30  0.96562863673925081     
           6          31  0.95932142192754688     
           7          32  0.85610120702329484     
           8          33  0.95137374348979153     
          10          34  0.94920420464735222     
          12          35  0.95248553191145380     
          13          36  0.96838108946548962     
          13          37  0.96774006900838372     
          14          38  0.86610875369824647     
          15          39  0.95729810167760776     
          16          40  0.85403997308996016     
          17          41  0.95614938351210721     
          18          42  0.83960999128956482     
          19          43  0.96092548705605352     
          20          44  0.85077278961482738     
          21          45  0.95771626734262549     
          22          46  0.84542195386437102     
          23          47  0.95499651646242456     
          24          48  0.83986382030532769     
