    0.01395585
   -0.32966954
    0.24804489
   -0.36179992
    0.09209256
    0.06481150
   -0.49296310
    0.09041445
   -0.34284018
    0.24091610
   -0.35848005
    0.08425096
    0.06616143
   -0.48694176
    0.08509589
   -0.48567498
    0.09388516
   -0.50295857
    0.09605704
   -0.49584883
    0.09753438
   -0.48280278
    0.09706875
   -0.49554890
    0.06473235
    0.05615931
    0.09631875
    0.00937639
    0.04632337
    0.05978026
    0.07110068
    0.37298057
    0.04329968
    0.05101902
    0.05207154
    0.05218344
    0.07483570
    0.34589403
    0.05895272
    0.36005572
    0.03665666
    0.37060078
    0.04044999
    0.38385369
    0.03928830
    0.35160444
    0.04537714
    0.38232509
