           1           2  0.95588881126942093     
           2           3   1.0149793211187135     
           3           4  0.94810792525612564     
           4           5  0.96379256080476960     
           5           6  0.97172240760863260     
           6           7   1.0094624812509776     
           5           8  0.96316117819713654     
           8           9  0.95998623665764715     
           9          10  0.97557505724735027     
          10          11  0.97697871752949339     
          11          12  0.94506809501489453     
          12          13  0.97409712990429220     
          13          14   1.0152651119647116     
          12          15  0.96706102636553315     
          15          16   1.0053567220271125     
          15          17  0.96090383082789743     
          17          18  0.99794142368494532     
          10          19  0.95426420091498321     
          17          19  0.97060475795061996     
          19          20   1.0027977223725919     
           8          21  0.96429498202395036     
          21          22   1.0027891848389603     
           3          23  0.95855657147659268     
          21          23  0.96741337516533465     
          23          24   1.0076749297658716     
           1          25  0.98002923168565281     
           1          26  0.97795207575111220     
           1          27  0.97647660693102856     
           3          28  0.94208797314190185     
           5          29  0.95504158379583648     
           6          30  0.96621850715391333     
           6          31  0.96195655224359344     
           7          32  0.84636071895913179     
           8          33  0.95562702645772801     
          10          34  0.94575976910509119     
          12          35  0.95499328970892627     
          13          36  0.96459005129648356     
          13          37  0.96710833525355488     
          14          38  0.84657365918496630     
          15          39  0.95772167174747658     
          16          40  0.85313805107561858     
          17          41  0.95446003835023396     
          18          42  0.84224008151848573     
          19          43  0.95641616673353680     
          20          44  0.83554655577943027     
          21          45  0.95540785529766137     
          22          46  0.84598946121870522     
          23          47  0.95611873071364362     
          24          48  0.83823166824630979     
