    0.02271725
   -0.32792600
    0.24510930
   -0.34443576
    0.09735355
    0.06482502
   -0.46759714
    0.09424066
   -0.34948854
    0.23721499
   -0.32981437
    0.08287236
    0.06417540
   -0.46691833
    0.09445898
   -0.48279325
    0.10343150
   -0.48255953
    0.09189061
   -0.48072334
    0.11056327
   -0.47993423
    0.09126967
   -0.48280939
    0.05666374
    0.04676979
    0.08665605
    0.00968890
    0.04001498
    0.06024289
    0.05758513
    0.34074869
    0.06453642
    0.04690699
    0.05209612
    0.05441611
    0.07033038
    0.35060046
    0.02808857
    0.35145760
    0.03068726
    0.35389131
    0.03382558
    0.36223647
    0.04194224
    0.35773680
    0.04489001
    0.35286483
