           1           2  0.96460230748689879     
           2           3   1.0047112655305603     
           3           4  0.95416233835492026     
           4           5  0.96435857574742678     
           5           6  0.97657139690738448     
           6           7   1.0120718526341945     
           5           8  0.96627662201763898     
           8           9  0.95776061946305890     
           9          10  0.96219761408638704     
          10          11  0.99428056475769300     
          11          12  0.95110498698389878     
          12          13  0.97479830451637128     
          13          14   1.0088986060977134     
          12          15  0.96511921723591065     
          15          16   1.0053078261409722     
          15          17  0.96946468102005823     
          17          18  0.99696694272978892     
          10          19  0.95275172200372826     
          17          19  0.97093937373632633     
          19          20   1.0052351341698007     
           8          21  0.96994546134138326     
          21          22   1.0046787851977850     
           3          23  0.95226671855279998     
          21          23  0.96375726688366647     
          23          24   1.0007999588383485     
           1          25  0.98078364624620140     
           1          26  0.97831775204226135     
           1          27  0.97781959886822711     
           3          28  0.94322873098018678     
           5          29  0.95627794344857930     
           6          30  0.96342604580797553     
           6          31  0.97052930431064588     
           7          32  0.86906739337326078     
           8          33  0.95415219259954709     
          10          34  0.94773426720712339     
          12          35  0.95598689278025384     
          13          36  0.96859819554492543     
          13          37  0.96822962825880943     
          14          38  0.86400529064216391     
          15          39  0.95484190154964255     
          16          40  0.83707197802859001     
          17          41  0.94521761424280415     
          18          42  0.85715193885580299     
          19          43  0.95446136788751457     
          20          44  0.84830113656648387     
          21          45  0.94613498835115106     
          22          46  0.85620133428607081     
          23          47  0.95609973787815550     
          24          48  0.86049262290567041     
