    0.02668033
   -0.34463233
    0.23948024
   -0.33767922
    0.09391337
    0.06307873
   -0.46984178
    0.09789424
   -0.33705278
    0.23426519
   -0.33638890
    0.08217683
    0.06364450
   -0.46796251
    0.09214731
   -0.48561392
    0.10154652
   -0.48401699
    0.09297708
   -0.48084816
    0.11295623
   -0.48023101
    0.09297676
   -0.47484834
    0.04831967
    0.04987396
    0.08488463
    0.03105681
    0.06802185
    0.05920138
    0.05389685
    0.32588774
    0.06518938
    0.05480415
    0.05426264
    0.05603078
    0.06722222
    0.34819318
    0.03084622
    0.34991376
    0.03101756
    0.35249898
    0.03938368
    0.36260759
    0.03263063
    0.35334415
    0.03906689
    0.34722393
