           1           2  0.96944498315056038     
           2           3  0.98033107034919809     
           3           4  0.98114964329941645     
           4           5  0.96155078337897693     
           5           6  0.97574830256774148     
           6           7   1.0040490194607354     
           5           8  0.96847689072383814     
           8           9  0.96073850091612423     
           9          10  0.97206690968005183     
          10          11  0.98314389352681752     
          11          12  0.95486343428645548     
          12          13  0.97522352501842891     
          13          14   1.0077456504052118     
          12          15  0.96454923130978409     
          15          16   1.0029863119288354     
          15          17  0.96911151032189347     
          17          18  0.99483293719781851     
          10          19  0.95673060519373676     
          17          19  0.97102510236483253     
          19          20   1.0022901344728039     
           8          21  0.96578793370407623     
          21          22   1.0050384052524397     
           3          23  0.95638234772011577     
          21          23  0.96577625565316239     
          23          24   1.0034983554565975     
           1          25  0.97812834567923435     
           1          26  0.97738213560138876     
           1          27  0.97757701044321288     
           3          28  0.94146978385018931     
           5          29  0.95546314299671531     
           6          30  0.96178901422254048     
           6          31  0.97033511144376594     
           7          32  0.87535997241555641     
           8          33  0.94766612143026208     
          10          34  0.94590727002852382     
          12          35  0.95036108073160241     
          13          36  0.96864013147482320     
          13          37  0.96851432223043632     
          14          38  0.86577252302186036     
          15          39  0.95533239521591895     
          16          40  0.84044046252569815     
          17          41  0.95045258526113208     
          18          42  0.85961408233628855     
          19          43  0.95498379682431511     
          20          44  0.85018223984228003     
          21          45  0.94393554215026487     
          22          46  0.85703776697340217     
          23          47  0.95147232339919952     
          24          48  0.85948023412688324     
