    0.01449892
   -0.32828739
    0.24896739
   -0.35790303
    0.09442682
    0.07939329
   -0.48228603
    0.09004585
   -0.34806793
    0.23968062
   -0.35989193
    0.08062215
    0.06435959
   -0.49150367
    0.09406414
   -0.49626362
    0.10283538
   -0.49936288
    0.10117665
   -0.49107952
    0.08863795
   -0.48600822
    0.09059861
   -0.49863234
    0.06175618
    0.05628767
    0.09759458
    0.01083486
    0.04235200
    0.04691655
    0.06387699
    0.35607137
    0.04789348
    0.05205374
    0.04910307
    0.05569167
    0.06845893
    0.37375063
    0.03354271
    0.36691911
    0.03219818
    0.37503783
    0.03537997
    0.38186526
    0.06914519
    0.35183811
    0.04223088
    0.37918025
