           1           2  0.95661653789425005     
           2           3   1.0153691794801740     
           3           4  0.94706752759470081     
           4           5  0.96371075386600047     
           5           6  0.97655275792717999     
           6           7   1.0136608789148864     
           5           8  0.96375898019946538     
           8           9  0.96161113873689685     
           9          10  0.96438015088280948     
          10          11  0.98647568963999333     
          11          12  0.94523733965146362     
          12          13  0.97196607529505452     
          13          14   1.0101752681564666     
          12          15  0.96604861984924939     
          15          16   1.0039685355872912     
          15          17  0.96902962276563076     
          17          18  0.99990958870821189     
          10          19  0.95668853577925583     
          17          19  0.97043911966130625     
          19          20   1.0115305212811678     
           8          21  0.96352647300774497     
          21          22   1.0011213474954477     
           3          23  0.95852817921254918     
          21          23  0.96200818297274804     
          23          24   1.0059092530938214     
           1          25  0.98031897101357779     
           1          26  0.97795556032890685     
           1          27  0.97607405646802314     
           3          28  0.94237931442577161     
           5          29  0.95596237429349695     
           6          30  0.96423786316159643     
           6          31  0.96189259703083752     
           7          32  0.85726245772687237     
           8          33  0.95686319189593005     
          10          34  0.94452054187765044     
          12          35  0.94942099118372558     
          13          36  0.96934931062685958     
          13          37  0.96819703976576832     
          14          38  0.84832853227198335     
          15          39  0.95542428863147777     
          16          40  0.83184578546011112     
          17          41  0.95607853634940998     
          18          42  0.84158712685558745     
          19          43  0.95364920868730452     
          20          44  0.83564883583531269     
          21          45  0.95677202518594584     
          22          46  0.85741334607933228     
          23          47  0.95306655343071922     
          24          48  0.83845339065475621     
