    0.03194478
   -0.28668145
    0.24650228
   -0.34461727
    0.09603936
    0.07333794
   -0.43261295
    0.08977722
   -0.33164660
    0.23813082
   -0.32147713
    0.08292926
    0.06637385
   -0.43438284
    0.09207050
   -0.45575755
    0.09921702
   -0.44867037
    0.08949551
   -0.44309399
    0.09256690
   -0.47002559
    0.09124555
   -0.43567640
    0.04864577
    0.04086252
    0.07285000
    0.00949749
    0.02840178
    0.06571252
    0.03862572
    0.30988047
    0.04872262
    0.05926862
    0.04901923
    0.05026062
    0.06915965
    0.30143513
    0.02958565
    0.32062832
    0.05171330
    0.31734302
    0.04112626
    0.33502932
    0.04113248
    0.32592765
    0.03784421
    0.32233878
