           1           2  0.97532532897046709     
           2           3   1.0191012257784156     
           3           4  0.94105624963745593     
           4           5  0.97626931961506813     
           5           6  0.97467148501696954     
           6           7   1.0174536696016647     
           5           8  0.95862182819083541     
           8           9  0.96180865334114640     
           9          10  0.97281193336975458     
          10          11  0.98608302676966297     
          11          12  0.96067787932024318     
          12          13  0.97790523242351501     
          13          14   1.0026238107139855     
          12          15  0.96316094872624558     
          15          16   1.0038187222920578     
          15          17  0.96890695605290023     
          17          18  0.99575196324084836     
          10          19  0.95302752354510378     
          17          19  0.97466292912991592     
          19          20  0.99159293419318106     
           8          21  0.96958046486042382     
          21          22   1.0075891390907485     
           3          23  0.96053108855586911     
          21          23  0.95768252848543711     
          23          24   1.0097989291613740     
           1          25  0.98020016537551047     
           1          26  0.97758451133259805     
           1          27  0.97974790890329211     
           3          28  0.94264682905295094     
           5          29  0.95660031596497730     
           6          30  0.96900978101279323     
           6          31  0.96629414075660969     
           7          32  0.88506834120146449     
           8          33  0.95631696015220680     
          10          34  0.94635583304690685     
          12          35  0.95603174245108469     
          13          36  0.96885043304134144     
          13          37  0.96842771055716259     
          14          38  0.89484369976922329     
          15          39  0.95516660979327561     
          16          40  0.85960882660575877     
          17          41  0.95375952723470103     
          18          42  0.88122056887365963     
          19          43  0.95537350950740596     
          20          44  0.86800516929216376     
          21          45  0.95613117690304517     
          22          46  0.82460579891994235     
          23          47  0.95451049928027187     
          24          48  0.87243455960406413     
