    0.01487249
   -0.32908937
    0.24787795
   -0.35883681
    0.09398688
    0.07473636
   -0.48625057
    0.09132861
   -0.34576992
    0.23785679
   -0.35194874
    0.08518938
    0.06702775
   -0.48777845
    0.08243564
   -0.48849813
    0.09487935
   -0.50206081
    0.09660678
   -0.48773035
    0.09061908
   -0.46885024
    0.09040473
   -0.49835816
    0.06227030
    0.05600553
    0.09654563
    0.00966683
    0.04489967
    0.04768164
    0.06852125
    0.35845231
    0.04131252
    0.05311157
    0.04818513
    0.04848517
    0.07889188
    0.35245218
    0.06238470
    0.35874479
    0.03709729
    0.37061398
    0.03572306
    0.37777832
    0.06195337
    0.34892807
    0.03827212
    0.37937246
