           1           2  0.95678895810426290     
           2           3   1.0152137692880892     
           3           4  0.94588384504958967     
           4           5  0.96669023363783158     
           5           6  0.97497190463668260     
           6           7   1.0139510483350129     
           5           8  0.95907210820579336     
           8           9  0.96469117062979226     
           9          10  0.96847946254596828     
          10          11  0.97935003876623472     
          11          12  0.94759749519646586     
          12          13  0.97741879178032554     
          13          14   1.0106300153561683     
          12          15  0.96417680103928038     
          15          16   1.0040062742735094     
          15          17  0.96278837985470156     
          17          18  0.99764115548685983     
          10          19  0.95369208931117899     
          17          19  0.97035275037010993     
          19          20   1.0101885684859693     
           8          21  0.96482946712520934     
          21          22   1.0084886937002837     
           3          23  0.95927251033744909     
          21          23  0.95693272646315752     
          23          24   1.0074388458629286     
           1          25  0.98031788245532758     
           1          26  0.97785068890600602     
           1          27  0.97632209487417354     
           3          28  0.94243022405700905     
           5          29  0.95566718869347766     
           6          30  0.96677810212784421     
           6          31  0.96593109100854768     
           7          32  0.85798655551676661     
           8          33  0.95394627587262959     
          10          34  0.94680937565196799     
          12          35  0.95628857581610949     
          13          36  0.96697935123767953     
          13          37  0.96622320684530738     
          14          38  0.86211167979754011     
          15          39  0.95693966136129416     
          16          40  0.85334229630110203     
          17          41  0.95401533755768575     
          18          42  0.84336536855312727     
          19          43  0.95317288193519378     
          20          44  0.83895034162383664     
          21          45  0.95626403200075494     
          22          46  0.85871096752733911     
          23          47  0.95454520629345452     
          24          48  0.83482970422274161     
