    0.01305079
   -0.33288879
    0.24049150
   -0.35426043
    0.09291888
    0.07245640
   -0.48606680
    0.09576495
   -0.34509309
    0.23759736
   -0.35030462
    0.08437369
    0.06418500
   -0.49165984
    0.09279733
   -0.49679005
    0.10267582
   -0.50032704
    0.09662529
   -0.48645428
    0.10787679
   -0.48596545
    0.08771896
   -0.49346872
    0.06272134
    0.05678950
    0.09740312
    0.00667530
    0.04552304
    0.04768528
    0.06691361
    0.36126326
    0.04807764
    0.05083283
    0.05202790
    0.05667090
    0.06909109
    0.37245601
    0.03212827
    0.36439967
    0.03577573
    0.37302386
    0.03150616
    0.37549003
    0.03328777
    0.37418839
    0.04396670
    0.37684893
