           1           2  0.95551624370753407     
           2           3   1.0111560076197286     
           3           4  0.94909421588963760     
           4           5  0.96781488336746180     
           5           6  0.97537938132222046     
           6           7   1.0143559616040541     
           5           8  0.95936103912370763     
           8           9  0.96411950701225324     
           9          10  0.96721003819093276     
          10          11  0.98040279445436007     
          11          12  0.94946326351561694     
          12          13  0.97484514921344612     
          13          14   1.0091624046238550     
          12          15  0.96469243546572803     
          15          16   1.0033728055268167     
          15          17  0.96822376367724527     
          17          18  0.99854820568515923     
          10          19  0.95271827544924015     
          17          19  0.97080206853500228     
          19          20   1.0121311749029669     
           8          21  0.96902122489230014     
          21          22   1.0098479357847614     
           3          23  0.95300865291105796     
          21          23  0.96619186554778558     
          23          24   1.0047651128174673     
           1          25  0.98078318421710098     
           1          26  0.97800639350562979     
           1          27  0.97608953324264403     
           3          28  0.94119375965589980     
           5          29  0.95460049280872750     
           6          30  0.96705805792410726     
           6          31  0.96739568853869373     
           7          32  0.85648870168499391     
           8          33  0.95746840023290969     
          10          34  0.94830275330870051     
          12          35  0.95701618629649365     
          13          36  0.96865496621615454     
          13          37  0.96808776496714510     
          14          38  0.84890486594836922     
          15          39  0.95555349999711447     
          16          40  0.83368609087956969     
          17          41  0.95639609660998404     
          18          42  0.84419751079009053     
          19          43  0.95150927417576958     
          20          44  0.83977115661013646     
          21          45  0.95451485279871906     
          22          46  0.84037818215033910     
          23          47  0.95647804265351821     
          24          48  0.84126717652143246     
