    0.01513385
   -0.32900455
    0.24836427
   -0.35895629
    0.09321154
    0.06983038
   -0.48542001
    0.09165740
   -0.33472816
    0.24404458
   -0.35710465
    0.07825246
    0.06046680
   -0.49702889
    0.09451644
   -0.49263273
    0.09835760
   -0.50270440
    0.08603289
   -0.49484601
    0.08936883
   -0.47385083
    0.09100044
   -0.49794836
    0.06186131
    0.05555693
    0.09700789
    0.00812084
    0.04036410
    0.05604053
    0.07681596
    0.35328775
    0.06014739
    0.03767717
    0.07983927
    0.05429147
    0.05575129
    0.37458296
    0.02905496
    0.36818879
    0.04692136
    0.37377108
    0.04800215
    0.37383030
    0.05973058
    0.33221884
    0.04125848
    0.37966600
