           1           2  0.95691984731058177     
           2           3   1.0143069912346925     
           3           4  0.94931405370310984     
           4           5  0.96128324123417530     
           5           6  0.97726246550908791     
           6           7   1.0100526798302507     
           5           8  0.96278878123646006     
           8           9  0.95598746470225504     
           9          10  0.98439019990322230     
          10          11  0.96862028895281016     
          11          12  0.94500022126914685     
          12          13  0.97027322775228175     
          13          14   1.0080948015681064     
          12          15  0.96559966109310513     
          15          16   1.0039197757181180     
          15          17  0.96962526100037238     
          17          18   1.0024589075510499     
          10          19  0.95182863082453661     
          17          19  0.96227654620959135     
          19          20   1.0054248336287794     
           8          21  0.97031838789194069     
          21          22  0.99933591969323166     
           3          23  0.95843105456489530     
          21          23  0.95898182165405410     
          23          24   1.0061580639333230     
           1          25  0.98031697749211444     
           1          26  0.97793332676627165     
           1          27  0.97622050765396362     
           3          28  0.94196357537590092     
           5          29  0.95617839566670693     
           6          30  0.96525162142660825     
           6          31  0.96521294024644888     
           7          32  0.86055643566676732     
           8          33  0.95409317193812304     
          10          34  0.94790211250141021     
          12          35  0.95620060114176209     
          13          36  0.96907828329863799     
          13          37  0.96880025077081522     
          14          38  0.84845603111801904     
          15          39  0.95667398556438887     
          16          40  0.83713033837222528     
          17          41  0.95525147615330597     
          18          42  0.84178520226515308     
          19          43  0.95745870877456285     
          20          44  0.84498886573052490     
          21          45  0.95721171209743061     
          22          46  0.85715240585385599     
          23          47  0.95537198173496984     
          24          48  0.83855813959826730     
