    0.01426486
   -0.32792975
    0.24878605
   -0.35743629
    0.09475746
    0.07891888
   -0.48100967
    0.08961454
   -0.34550798
    0.23986123
   -0.36072816
    0.08216227
    0.06470201
   -0.49047880
    0.09402205
   -0.49648044
    0.10186791
   -0.49948639
    0.10088401
   -0.49080411
    0.08867152
   -0.48496916
    0.09060107
   -0.49838712
    0.06157235
    0.05673574
    0.09798188
    0.01157496
    0.04213555
    0.04573748
    0.06442513
    0.35532955
    0.04673110
    0.05172208
    0.04634616
    0.05481198
    0.06971524
    0.37284977
    0.03274125
    0.36633801
    0.03406097
    0.37462856
    0.03552567
    0.38126956
    0.06970899
    0.35097241
    0.04190894
    0.37928064
