           1           2  0.95658554972928800     
           2           3   1.0158032887758142     
           3           4  0.94621823723278364     
           4           5  0.96435386538340095     
           5           6  0.97548816253716431     
           6           7   1.0144441903346160     
           5           8  0.96439495367693318     
           8           9  0.96082249618146143     
           9          10  0.96927852102336753     
          10          11  0.98207563926610975     
          11          12  0.94766535364799720     
          12          13  0.97257734553822284     
          13          14   1.0100613018073872     
          12          15  0.96597119612153037     
          15          16   1.0040113472340151     
          15          17  0.96892815976934710     
          17          18  0.99964436372635523     
          10          19  0.95614685838618541     
          17          19  0.97070356830194748     
          19          20   1.0113136300327357     
           8          21  0.96351395256791816     
          21          22   1.0013181439695940     
           3          23  0.95850321557274631     
          21          23  0.96200703025276968     
          23          24   1.0061506541963412     
           1          25  0.98044670946950041     
           1          26  0.97796523349570696     
           1          27  0.97600663203500948     
           3          28  0.94272390670994932     
           5          29  0.95628247011511358     
           6          30  0.96537758336027246     
           6          31  0.96057424055343199     
           7          32  0.85691910607472643     
           8          33  0.95753313378376870     
          10          34  0.94512066828713803     
          12          35  0.94819992669860598     
          13          36  0.96886237053149826     
          13          37  0.96813851242863458     
          14          38  0.84864798161441279     
          15          39  0.95536357287397977     
          16          40  0.83096909465471347     
          17          41  0.95640970979769457     
          18          42  0.84191142756825832     
          19          43  0.95383925052183238     
          20          44  0.83626457642533913     
          21          45  0.95671285575414944     
          22          46  0.85787122213955569     
          23          47  0.95296758770516876     
          24          48  0.83824737683576123     
