    0.01976009
   -0.31182801
    0.24902150
   -0.34857631
    0.09166804
    0.07394761
   -0.46382251
    0.07875570
   -0.32890405
    0.24263093
   -0.35182664
    0.08527007
    0.06308471
   -0.46954613
    0.09467556
   -0.48437016
    0.09265230
   -0.49004414
    0.09231669
   -0.47608589
    0.09929056
   -0.47462002
    0.09774114
   -0.47569417
    0.05937313
    0.05082957
    0.09002018
    0.00339305
    0.03889127
    0.04464325
    0.06325210
    0.34122755
    0.06847798
    0.04984619
    0.05654837
    0.05460725
    0.06616895
    0.35145698
    0.02961774
    0.35036978
    0.05285534
    0.35952940
    0.04273619
    0.35564081
    0.02819182
    0.33523010
    0.04253976
    0.35905634
