           1           2  0.96221479844746061     
           2           3   1.0184306317058487     
           3           4  0.94874065336397895     
           4           5  0.96725247606455178     
           5           6  0.97600093913246577     
           6           7   1.0152207375016165     
           5           8  0.96505280068647714     
           8           9  0.95186929819880739     
           9          10  0.99784543785113222     
          10          11  0.95082650972504501     
          11          12  0.95099141073556570     
          12          13  0.97289774560814823     
          13          14   1.0074950683473267     
          12          15  0.96847389393496408     
          15          16   1.0079138487876287     
          15          17  0.96291327530412751     
          17          18   1.0022877332781430     
          10          19  0.96291704901065001     
          17          19  0.96434296286535259     
          19          20   1.0011136124915869     
           8          21  0.96654812405818347     
          21          22   1.0023563408974747     
           3          23  0.95842992451024056     
          21          23  0.96801609993042648     
          23          24   1.0059753657144799     
           1          25  0.98007922396727820     
           1          26  0.97786836235276864     
           1          27  0.97738240386458142     
           3          28  0.94162997873512866     
           5          29  0.95552647678729230     
           6          30  0.96582972150571311     
           6          31  0.96779934042892801     
           7          32  0.86889836560587796     
           8          33  0.94911333274338561     
          10          34  0.94320076582049750     
          12          35  0.95455891202351739     
          13          36  0.96876847383734088     
          13          37  0.96860442760734577     
          14          38  0.86341545586258461     
          15          39  0.95493975169923595     
          16          40  0.83490233854232365     
          17          41  0.95404950183454318     
          18          42  0.85583616256796347     
          19          43  0.95360473612534846     
          20          44  0.85413399381902844     
          21          45  0.95514574497293048     
          22          46  0.84377798441798935     
          23          47  0.95595551730383976     
          24          48  0.85502625929181564     
