    0.01387659
   -0.33012956
    0.24869920
   -0.36192956
    0.09226352
    0.06879525
   -0.49598013
    0.09183806
   -0.34009060
    0.24210709
   -0.35992525
    0.08177632
    0.06844167
   -0.48342741
    0.08313350
   -0.48893851
    0.09402022
   -0.50308326
    0.10064955
   -0.49095458
    0.09006072
   -0.47772397
    0.09003176
   -0.49852446
    0.06426706
    0.05611281
    0.09612640
    0.00978091
    0.04474193
    0.05953903
    0.06750325
    0.37050894
    0.03917070
    0.04774273
    0.06094192
    0.04341717
    0.07754693
    0.34993162
    0.05946332
    0.35918350
    0.03860513
    0.37108213
    0.03375465
    0.37900077
    0.06783355
    0.35019554
    0.03947153
    0.37909234
