           1           2  0.95605176965583361     
           2           3   1.0140534543238273     
           3           4  0.94769887161728428     
           4           5  0.96509817833144840     
           5           6  0.96990554479126034     
           6           7   1.0141277078131687     
           5           8  0.96125486286102402     
           8           9  0.96201246450078670     
           9          10  0.97751679285730764     
          10          11  0.97527129269685209     
          11          12  0.94425678774499666     
          12          13  0.97628536819746581     
          13          14   1.0118448917319924     
          12          15  0.96635853049153275     
          15          16   1.0033634505402307     
          15          17  0.96287005766783107     
          17          18  0.99693263470223914     
          10          19  0.95411069156967787     
          17          19  0.97024294263533373     
          19          20   1.0103216094255996     
           8          21  0.96365017792736152     
          21          22   1.0056093440438705     
           3          23  0.95890580069766407     
          21          23  0.95980590454295600     
          23          24   1.0063239272411775     
           1          25  0.98017922086174536     
           1          26  0.97810394481228280     
           1          27  0.97652885089393771     
           3          28  0.94204841465206057     
           5          29  0.95508708737961057     
           6          30  0.96660441300739552     
           6          31  0.96241262446596676     
           7          32  0.84996432129807065     
           8          33  0.95625481138906587     
          10          34  0.94606707337488372     
          12          35  0.95302131261182776     
          13          36  0.96713007136483786     
          13          37  0.96694308326191780     
          14          38  0.86275022219341235     
          15          39  0.95671113245105488     
          16          40  0.85284067654867557     
          17          41  0.95430307173414120     
          18          42  0.84293934192674469     
          19          43  0.95422914579328899     
          20          44  0.83845674272729975     
          21          45  0.95631947388297622     
          22          46  0.85926883173478985     
          23          47  0.95391503284328905     
          24          48  0.83726688816354899     
