    0.02013713
   -0.31239614
    0.24967711
   -0.34846391
    0.09383556
    0.07301895
   -0.46435342
    0.08361385
   -0.32665251
    0.23268904
   -0.36023687
    0.08274379
    0.06588529
   -0.46787519
    0.08071228
   -0.46749197
    0.08471007
   -0.48478571
    0.08271131
   -0.46278619
    0.09672888
   -0.47671556
    0.09797569
   -0.47634495
    0.05859204
    0.05090024
    0.08983239
    0.00344607
    0.03696613
    0.05102393
    0.06245671
    0.33879488
    0.06080742
    0.05215007
    0.05049269
    0.04319801
    0.07831981
    0.33588215
    0.06273701
    0.34313500
    0.04951742
    0.35733683
    0.07317317
    0.33184496
    0.03286810
    0.33777142
    0.04271696
    0.35970008
