           1           2  0.96247277457301206     
           2           3   1.0181311305814560     
           3           4  0.94860035902979900     
           4           5  0.96780426082429827     
           5           6  0.97521664426986565     
           6           7   1.0141563872314603     
           5           8  0.96488345765019001     
           8           9  0.95143359145175244     
           9          10   1.0001233325144903     
          10          11  0.94810657138858290     
          11          12  0.94101893048589225     
          12          13  0.97371973149631785     
          13          14   1.0132280452867430     
          12          15  0.96738561443690352     
          15          16   1.0089460789094638     
          15          17  0.95765219331539853     
          17          18   1.0039638564821773     
          10          19  0.95202592612148940     
          17          19  0.96109693932492235     
          19          20   1.0060380100622861     
           8          21  0.96818644472199522     
          21          22   1.0013880183403729     
           3          23  0.95868333778882830     
          21          23  0.96643308264087324     
          23          24   1.0063869265033318     
           1          25  0.98021534816695477     
           1          26  0.97787174866341608     
           1          27  0.97740923036507010     
           3          28  0.94142235113465755     
           5          29  0.95566606679158572     
           6          30  0.96556629148348638     
           6          31  0.96750211296130184     
           7          32  0.86965428507472420     
           8          33  0.95491354713112231     
          10          34  0.94392421372149204     
          12          35  0.95362701931729232     
          13          36  0.96720336003514196     
          13          37  0.96402796381930023     
          14          38  0.87343379443502023     
          15          39  0.95606056631912206     
          16          40  0.86330534091332134     
          17          41  0.95410505523274547     
          18          42  0.85596509739612969     
          19          43  0.95380574233163395     
          20          44  0.86713403266773514     
          21          45  0.95505772272326572     
          22          46  0.83989784297376535     
          23          47  0.95613240709866965     
          24          48  0.85461490004092922     
