    0.03250596
   -0.28788942
    0.24920678
   -0.34090118
    0.09256650
    0.07173011
   -0.42685896
    0.08353660
   -0.32564643
    0.23532066
   -0.33104647
    0.07209440
    0.07487405
   -0.42718297
    0.08795795
   -0.44581464
    0.10437067
   -0.45034071
    0.09272486
   -0.44319983
    0.08515915
   -0.44310888
    0.09190838
   -0.43379579
    0.04747116
    0.04212636
    0.07372619
    0.01061545
    0.04210007
    0.04626434
    0.06808906
    0.30382587
    0.05386737
    0.06509505
    0.07568200
    0.03446500
    0.04988557
    0.31160134
    0.02907405
    0.30036696
    0.03286158
    0.31564411
    0.03887434
    0.32475461
    0.07185804
    0.29571811
    0.03287870
    0.31498386
