           1           2  0.97489881833391689     
           2           3   1.0177484559684062     
           3           4  0.95031367868223737     
           4           5  0.97047838602724823     
           5           6  0.97537598727724473     
           6           7   1.0155084020322902     
           5           8  0.95796287797533120     
           8           9  0.96225299952533372     
           9          10  0.97905035298986942     
          10          11  0.98073467409219584     
          11          12  0.95349156024929393     
          12          13  0.97773053409950117     
          13          14   1.0191261501536577     
          12          15  0.96524797196043444     
          15          16  0.99279783584793735     
          15          17  0.97118180269025767     
          17          18  0.99463781761989634     
          10          19  0.95568235287948755     
          17          19  0.96971207972541429     
          19          20   1.0042730807526690     
           8          21  0.96334144646623054     
          21          22  0.98889562809246379     
           3          23  0.95838473855158746     
          21          23  0.96572150799459255     
          23          24   1.0076525370896350     
           1          25  0.98012007606825335     
           1          26  0.97742723766045581     
           1          27  0.97953287842022296     
           3          28  0.94099715039240373     
           5          29  0.95499463899834680     
           6          30  0.96522335551020144     
           6          31  0.96900280906275871     
           7          32  0.88986141797174012     
           8          33  0.95187265081846739     
          10          34  0.94359129280794385     
          12          35  0.94620074248066266     
          13          36  0.96530609800576739     
          13          37  0.96763393292257505     
          14          38  0.88433641978977939     
          15          39  0.95693163222069488     
          16          40  0.88926517211264910     
          17          41  0.94847987679403267     
          18          42  0.88162014925820531     
          19          43  0.95578220863312557     
          20          44  0.87591887719182160     
          21          45  0.95623181107507182     
          22          46  0.88732706124580685     
          23          47  0.95155403780518621     
          24          48  0.87941518256665840     
