    0.01359473
   -0.32937209
    0.24908843
   -0.36199986
    0.09406955
    0.07019267
   -0.49534972
    0.09248599
   -0.34123771
    0.24260666
   -0.36037104
    0.07776268
    0.06843696
   -0.48718800
    0.08350519
   -0.48733161
    0.09370765
   -0.50357946
    0.10110805
   -0.49267932
    0.08848364
   -0.48374407
    0.09071096
   -0.49815814
    0.06415898
    0.05637069
    0.09654767
    0.01008105
    0.04503799
    0.06202598
    0.06663038
    0.37154943
    0.04061830
    0.04730583
    0.06815537
    0.04348012
    0.07703719
    0.35130311
    0.05803927
    0.35796556
    0.03819012
    0.37097726
    0.03272828
    0.37913904
    0.06925178
    0.34972704
    0.04008075
    0.37885668
