           1           2  0.95589258532574395     
           2           3   1.0145928183362234     
           3           4  0.94731526164973312     
           4           5  0.96554413237187331     
           5           6  0.97023641776719172     
           6           7   1.0131817000645145     
           5           8  0.96375261103321808     
           8           9  0.96093372256367027     
           9          10  0.97573266853656992     
          10          11  0.97887511117330583     
          11          12  0.94328030192636003     
          12          13  0.97705063588087326     
          13          14   1.0096380208310596     
          12          15  0.96679009615796774     
          15          16   1.0032321011381915     
          15          17  0.96317232768393413     
          17          18  0.99668134051605162     
          10          19  0.95471983181078224     
          17          19  0.97028398234818169     
          19          20   1.0095518754777253     
           8          21  0.96308677660813002     
          21          22   1.0018838442379632     
           3          23  0.95883427254447939     
          21          23  0.96167880188496513     
          23          24   1.0061760078845130     
           1          25  0.98021881315097059     
           1          26  0.97809671875186055     
           1          27  0.97646213001796922     
           3          28  0.94198898500189709     
           5          29  0.95428445680556462     
           6          30  0.96570605174379398     
           6          31  0.96539578514780966     
           7          32  0.84718161663614711     
           8          33  0.95813504295419072     
          10          34  0.94707141892212399     
          12          35  0.94759364967069992     
          13          36  0.96790326905176594     
          13          37  0.96755327711212247     
          14          38  0.86217917781067599     
          15          39  0.95705939107777027     
          16          40  0.85376772409636470     
          17          41  0.95439945863886955     
          18          42  0.84245909449531187     
          19          43  0.95461925913230194     
          20          44  0.83842214966093875     
          21          45  0.95666425755489792     
          22          46  0.85893768738548215     
          23          47  0.95326304946021545     
          24          48  0.83816139908098153     
