    0.02039483
   -0.31359789
    0.25005341
   -0.34877616
    0.09615210
    0.07463192
   -0.46348706
    0.08669678
   -0.34444547
    0.23716597
   -0.33418289
    0.08251923
    0.06793875
   -0.46613495
    0.08003596
   -0.46739876
    0.09549521
   -0.48057294
    0.09118845
   -0.47067434
    0.09894503
   -0.48942218
    0.09884402
   -0.47579777
    0.05867420
    0.05118721
    0.08958590
    0.00350029
    0.03966739
    0.04188793
    0.06741232
    0.33937435
    0.04182105
    0.05156359
    0.05118003
    0.04741774
    0.07683213
    0.33501893
    0.06345035
    0.33994108
    0.03318255
    0.35256988
    0.04455677
    0.37127491
    0.03079202
    0.34223239
    0.04200886
    0.35929692
