           1           2  0.96228607790776877     
           2           3   1.0177881230228008     
           3           4  0.94689407670925796     
           4           5  0.97126919053075356     
           5           6  0.97483466988848344     
           6           7   1.0155866875997195     
           5           8  0.95958707423017664     
           8           9  0.96039409134429199     
           9          10  0.96830847736477244     
          10          11  0.98719141750410999     
          11          12  0.94915222629066232     
          12          13  0.97698044426123798     
          13          14   1.0129946703137753     
          12          15  0.96361933539634537     
          15          16   1.0056385620802251     
          15          17  0.96285917802314236     
          17          18  0.99889284037671544     
          10          19  0.95227528002714446     
          17          19  0.97140857068535658     
          19          20  0.99508672032136902     
           8          21  0.96561902492637541     
          21          22   1.0080376694638031     
           3          23  0.96099045425692842     
          21          23  0.96303514011113667     
          23          24   1.0068398167419463     
           1          25  0.98020220424438009     
           1          26  0.97780916256758155     
           1          27  0.97745967618116680     
           3          28  0.94113034357760794     
           5          29  0.95460379058253975     
           6          30  0.96666657674681311     
           6          31  0.96805243096946381     
           7          32  0.87019586480471933     
           8          33  0.95727994981010811     
          10          34  0.94783049317883750     
          12          35  0.95663702259320305     
          13          36  0.96629661054340010     
          13          37  0.96612833365814377     
          14          38  0.87403563027805653     
          15          39  0.95663270399260314     
          16          40  0.86618744439019069     
          17          41  0.95334978386796454     
          18          42  0.85556210501591334     
          19          43  0.95530617839542797     
          20          44  0.84239149093613364     
          21          45  0.95430828823167024     
          22          46  0.81107674878163716     
          23          47  0.95638807012885563     
          24          48  0.85418066986874464     
