    0.01702100
   -0.36436772
    0.23450349
   -0.35192165
    0.09241847
    0.07013883
   -0.49569932
    0.09865405
   -0.35257880
    0.22871122
   -0.36359840
    0.07910966
    0.06481691
   -0.48832482
    0.09378622
   -0.49930942
    0.10528946
   -0.50337160
    0.09163266
   -0.49455759
    0.09973841
   -0.48306438
    0.09164847
   -0.50322079
    0.05925168
    0.05680885
    0.09197972
    0.03517957
    0.06161531
    0.04023504
    0.07678906
    0.36106598
    0.03877882
    0.08800840
    0.05829486
    0.05405704
    0.06645085
    0.36801241
    0.03016416
    0.36409234
    0.02510826
    0.37237890
    0.04075816
    0.37886499
    0.07374147
    0.35315109
    0.05395724
    0.38380145
