           1           2  0.95743567193363266     
           2           3  0.97312609703000219     
           3           4  0.97665010053793910     
           4           5  0.95108454239232043     
           5           6  0.97991327840528120     
           6           7   1.0085429775681509     
           5           8  0.96800752260102596     
           8           9  0.95338665463357375     
           9          10  0.98091167452967865     
          10          11  0.97085967874282675     
          11          12  0.95140289888509666     
          12          13  0.97329654630297591     
          13          14   1.0077195454756187     
          12          15  0.96594849339633415     
          15          16   1.0025855917620246     
          15          17  0.97023530341044928     
          17          18  0.99543796144681196     
          10          19  0.95129511084745277     
          17          19  0.96846280230567716     
          19          20   1.0069203456375941     
           8          21  0.95708530798243185     
          21          22   1.0049223298587431     
           3          23  0.95530626195355162     
          21          23  0.96754670280920207     
          23          24   1.0072615242881846     
           1          25  0.98037375008661343     
           1          26  0.97783264229798339     
           1          27  0.97667474322385672     
           3          28  0.94473436441854008     
           5          29  0.95492122577291738     
           6          30  0.96630418736732349     
           6          31  0.96279852290157542     
           7          32  0.85463048551969623     
           8          33  0.95127649483052501     
          10          34  0.94130543208614648     
          12          35  0.94525706670462872     
          13          36  0.96914266506540769     
          13          37  0.96890176801439631     
          14          38  0.85192276373878195     
          15          39  0.95501156701928858     
          16          40  0.83054232943973583     
          17          41  0.94892894334762945     
          18          42  0.84456435878070391     
          19          43  0.95490895787158636     
          20          44  0.83860932766894769     
          21          45  0.95672736552497306     
          22          46  0.84231335868626678     
          23          47  0.95668757279451122     
          24          48  0.83740914917820086     
