    0.02061567
   -0.31236837
    0.25090670
   -0.34914304
    0.09271825
    0.07108444
   -0.46688454
    0.09157248
   -0.33150730
    0.23707548
   -0.34248758
    0.07564000
    0.06774837
   -0.46608868
    0.07787832
   -0.47073998
    0.08867798
   -0.48441129
    0.08255539
   -0.46286837
    0.08746593
   -0.46444498
    0.09080798
   -0.47822972
    0.05784882
    0.05010300
    0.08886261
    0.00401166
    0.03936053
    0.04841567
    0.07558297
    0.33669683
    0.05453932
    0.03533504
    0.07638896
    0.02637076
    0.06866748
    0.33362608
    0.05556538
    0.34308959
    0.04573478
    0.35251740
    0.06912747
    0.33167159
    0.06843377
    0.33389997
    0.03993678
    0.35864040
