           1           2  0.96346850505026782     
           2           3   1.0164274634409995     
           3           4  0.95049893448850820     
           4           5  0.96591192591009822     
           5           6  0.97612259790776579     
           6           7   1.0121554595164022     
           5           8  0.96233169401369334     
           8           9  0.95796409013977846     
           9          10  0.98357268519057639     
          10          11  0.96999023653738292     
          11          12  0.95077991372293225     
          12          13  0.97024817877319547     
          13          14   1.0163668059186770     
          12          15  0.96342323920757078     
          15          16   1.0065784658570482     
          15          17  0.95952159170230367     
          17          18   1.0024717149420661     
          10          19  0.94775861984014298     
          17          19  0.95933216086120310     
          19          20   1.0087754822439581     
           8          21  0.96430100249968687     
          21          22  0.99461252432861003     
           3          23  0.95813086740244080     
          21          23  0.96248643106467746     
          23          24   1.0060853283990838     
           1          25  0.98019371307922598     
           1          26  0.97796279651238560     
           1          27  0.97745085043095370     
           3          28  0.94169193884280467     
           5          29  0.95526626629064082     
           6          30  0.96592372448267483     
           6          31  0.96498916008868052     
           7          32  0.87157297147084545     
           8          33  0.95545831163457273     
          10          34  0.94761363992404180     
          12          35  0.95644794575875525     
          13          36  0.96663028989378907     
          13          37  0.96759743754723215     
          14          38  0.85925180626491238     
          15          39  0.95620491778305050     
          16          40  0.86333323695320352     
          17          41  0.95478613207244778     
          18          42  0.85798007109583463     
          19          43  0.95819182313728446     
          20          44  0.86552018186554358     
          21          45  0.95741352286439452     
          22          46  0.86762696442552500     
          23          47  0.95334913666941512     
          24          48  0.85411086461277108     
