    0.01520268
   -0.32882494
    0.24872023
   -0.35783631
    0.09302930
    0.07193954
   -0.48680512
    0.08741881
   -0.33344037
    0.23335483
   -0.35509486
    0.07811038
    0.06521655
   -0.48246150
    0.08182227
   -0.49119487
    0.08939640
   -0.50638201
    0.08200495
   -0.48207183
    0.09010789
   -0.47531812
    0.09008217
   -0.50032279
    0.06134521
    0.05518499
    0.09654864
    0.00867596
    0.04155014
    0.05673588
    0.06489675
    0.35566782
    0.06039590
    0.04860075
    0.07626176
    0.03175178
    0.07371860
    0.34431243
    0.05723157
    0.36349504
    0.04925104
    0.37385048
    0.07054474
    0.35025911
    0.06413389
    0.34705811
    0.04202547
    0.37985066
