           1           2  0.95759673694061387     
           2           3   1.0141116312421070     
           3           4  0.94846832022920546     
           4           5  0.96380601135643340     
           5           6  0.97590743984047501     
           6           7   1.0114788490580133     
           5           8  0.96420952201034504     
           8           9  0.95409784450237856     
           9          10  0.99467931525600572     
          10          11  0.95734649434432395     
          11          12  0.95046962875392071     
          12          13  0.97385498233065659     
          13          14   1.0106028827422153     
          12          15  0.96564518000934441     
          15          16   1.0063006170855155     
          15          17  0.95867987471833183     
          17          18   1.0021628674023146     
          10          19  0.94858269147379370     
          17          19  0.96052042572969065     
          19          20   1.0057542951700074     
           8          21  0.96554607195267994     
          21          22   1.0028918568109719     
           3          23  0.95824072312784292     
          21          23  0.96015113738101976     
          23          24   1.0055018707953716     
           1          25  0.98041262246042127     
           1          26  0.97801472420604685     
           1          27  0.97626466256685474     
           3          28  0.94246403741721141     
           5          29  0.95597100360112020     
           6          30  0.96499944176027408     
           6          31  0.96723579688655126     
           7          32  0.85910727886788640     
           8          33  0.95469150708428119     
          10          34  0.94567077908654584     
          12          35  0.95552871597409128     
          13          36  0.96694851093659639     
          13          37  0.96753926499435428     
          14          38  0.86288364344408375     
          15          39  0.95599837917734387     
          16          40  0.84903484942812069     
          17          41  0.95438614727089033     
          18          42  0.84251808727958499     
          19          43  0.95635949811234955     
          20          44  0.85581985743926037     
          21          45  0.95736179906407992     
          22          46  0.85886624693206315     
          23          47  0.95435724541580857     
          24          48  0.83781263507457537     
