    0.01490727
   -0.32795247
    0.24858083
   -0.35658750
    0.09179548
    0.07257619
   -0.48451450
    0.07892520
   -0.33247392
    0.23535424
   -0.36157399
    0.08112799
    0.06242289
   -0.49728249
    0.09327796
   -0.49657531
    0.09306160
   -0.50895576
    0.08620136
   -0.47780564
    0.09054855
   -0.47689493
    0.09026463
   -0.49909400
    0.06150786
    0.05550511
    0.09693330
    0.00868559
    0.04666264
    0.04773633
    0.06469717
    0.35872979
    0.06606989
    0.04344611
    0.06355724
    0.05570379
    0.05641782
    0.37414064
    0.03037969
    0.36466214
    0.05848429
    0.37833253
    0.06558704
    0.34642621
    0.06759527
    0.34790750
    0.04225057
    0.37924781
