           1           2  0.95746019171224361     
           2           3   1.0149086377453529     
           3           4  0.94708913274685480     
           4           5  0.96618536625092832     
           5           6  0.97550502014790597     
           6           7   1.0141716229444344     
           5           8  0.96272262530792818     
           8           9  0.94990100628419238     
           9          10   1.0010441730307931     
          10          11  0.94758629711261100     
          11          12  0.95205637921044273     
          12          13  0.97027756127252485     
          13          14   1.0068669906279162     
          12          15  0.96765384398149190     
          15          16   1.0043933626399275     
          15          17  0.96563611041236252     
          17          18   1.0017387012938648     
          10          19  0.95631950029778312     
          17          19  0.96189832624023730     
          19          20   1.0037612725887337     
           8          21  0.96545287911507260     
          21          22   1.0036413968392579     
           3          23  0.95887556394487272     
          21          23  0.96083812599510221     
          23          24   1.0057011415243244     
           1          25  0.98040337322777138     
           1          26  0.97789450664509325     
           1          27  0.97621175082726486     
           3          28  0.94265967873565781     
           5          29  0.95514906275454114     
           6          30  0.96607626730015417     
           6          31  0.96758900081795507     
           7          32  0.85741496985262822     
           8          33  0.95047997207571822     
          10          34  0.94530689012902069     
          12          35  0.95655579522447809     
          13          36  0.96976926277087738     
          13          37  0.96946467906916489     
          14          38  0.84829576861970157     
          15          39  0.95542364956343540     
          16          40  0.83359914428279913     
          17          41  0.95596637634668324     
          18          42  0.84202190797227583     
          19          43  0.95585503288780016     
          20          44  0.85388803268928748     
          21          45  0.95701576597028404     
          22          46  0.85972140057090141     
          23          47  0.95362535988597474     
          24          48  0.83799594908839303     
