    0.03276959
   -0.28840051
    0.24937536
   -0.34287801
    0.09219705
    0.06640622
   -0.42793060
    0.08621041
   -0.30022159
    0.24759531
   -0.33543445
    0.07702764
    0.06733722
   -0.43533593
    0.07803120
   -0.43628734
    0.09457200
   -0.44833274
    0.09065220
   -0.42346283
    0.08345847
   -0.45126157
    0.09090179
   -0.43278283
    0.04741731
    0.04180464
    0.07335921
    0.01058315
    0.04548852
    0.03199251
    0.09186483
    0.30156743
    0.05877184
    0.01384262
    0.06804423
    0.02229522
    0.06486972
    0.31401270
    0.05202096
    0.30109356
    0.03602837
    0.31378767
    0.03526361
    0.31892650
    0.07246546
    0.30194058
    0.03520388
    0.31314943
