           1           2  0.97516567682281774     
           2           3   1.0165613692401321     
           3           4  0.95267780076649644     
           4           5  0.96594290954123996     
           5           6  0.97604235443257803     
           6           7   1.0144668801485288     
           5           8  0.96266187517045110     
           8           9  0.95986662380796606     
           9          10  0.99630956862757802     
          10          11  0.97354011839704468     
          11          12  0.96074597687617902     
          12          13  0.96597427499352895     
          13          14   1.0220805481404982     
          12          15  0.96338882556296923     
          15          16   1.0010784041954277     
          15          17  0.96462309299517945     
          17          18   1.0008069921833551     
          10          19  0.94162555712436935     
          17          19  0.96558515738796169     
          19          20   1.0115652916706479     
           8          21  0.96431074288330221     
          21          22  0.98654069164670111     
           3          23  0.95731007834333592     
          21          23  0.96696907252242970     
          23          24   1.0063917046294184     
           1          25  0.98008949901400932     
           1          26  0.97752923874591491     
           1          27  0.97956179354506856     
           3          28  0.94166887263337362     
           5          29  0.95519407847116256     
           6          30  0.96616181162051307     
           6          31  0.95787708557092954     
           7          32  0.89126387230265258     
           8          33  0.95195653956108384     
          10          34  0.94664123675778100     
          12          35  0.95680979661954269     
          13          36  0.96479670498905756     
          13          37  0.96907065583737673     
          14          38  0.87077641185000987     
          15          39  0.95790651277241445     
          16          40  0.89014731571258343     
          17          41  0.95393225772870172     
          18          42  0.87644137535239752     
          19          43  0.95968705140895083     
          20          44  0.88077374281459986     
          21          45  0.95678438475558603     
          22          46  0.88581234604263592     
          23          47  0.95149071254329931     
          24          48  0.88340087991870997     
