    0.01498075
   -0.32877384
    0.24980088
   -0.35611658
    0.09306688
    0.07076180
   -0.48803623
    0.08487072
   -0.35542526
    0.23348264
   -0.35363842
    0.07901545
    0.06454280
   -0.49151503
    0.09403772
   -0.49611160
    0.10188755
   -0.50417352
    0.09291429
   -0.49927390
    0.08883004
   -0.47805360
    0.09266929
   -0.49882564
    0.06182860
    0.05514680
    0.09667622
    0.00867048
    0.04463573
    0.05402023
    0.06831603
    0.35748385
    0.06197362
    0.06772522
    0.06192905
    0.05398754
    0.06677206
    0.37131094
    0.02892969
    0.36311253
    0.03408945
    0.37241174
    0.04144060
    0.38203696
    0.06853035
    0.34572920
    0.04206919
    0.38025671
