           1           2  0.95742791271334249     
           2           3   1.0137918408581796     
           3           4  0.94942650300303555     
           4           5  0.96558053840479963     
           5           6  0.97619966541069125     
           6           7   1.0115881866103851     
           5           8  0.95884397625322682     
           8           9  0.95475538643449875     
           9          10  0.96766281785937491     
          10          11  0.98151420593569338     
          11          12  0.94878445841847336     
          12          13  0.97483961426625787     
          13          14   1.0078619585800221     
          12          15  0.96577884055235530     
          15          16   1.0036102724507256     
          15          17  0.96958609563809695     
          17          18  0.99603800135319431     
          10          19  0.95644318186641075     
          17          19  0.96884174494650610     
          19          20   1.0043296245734499     
           8          21  0.96210981235297877     
          21          22  0.99627833747839600     
           3          23  0.95890057963370867     
          21          23  0.96438419520927454     
          23          24   1.0062282732532029     
           1          25  0.98037583582996646     
           1          26  0.97796577175050770     
           1          27  0.97623879537331515     
           3          28  0.94178362861679599     
           5          29  0.95483879928955373     
           6          30  0.96602553454270579     
           6          31  0.96746571451646757     
           7          32  0.85871975760781638     
           8          33  0.95243736556190073     
          10          34  0.94415159945404725     
          12          35  0.94783977866901836     
          13          36  0.96863507092199641     
          13          37  0.96880592109332309     
          14          38  0.84929663757717300     
          15          39  0.95531495257084509     
          16          40  0.83181697203930183     
          17          41  0.95042906663769067     
          18          42  0.84419012006936311     
          19          43  0.95604764095586281     
          20          44  0.83715922291195100     
          21          45  0.95664361323851743     
          22          46  0.85731445725026456     
          23          47  0.95222846453302812     
          24          48  0.83730773658624924     
