    0.02096192
   -0.32599081
    0.24342932
   -0.34763066
    0.08868915
    0.06407511
   -0.47027784
    0.09031803
   -0.35135334
    0.23313069
   -0.33842597
    0.08882564
    0.06390943
   -0.46748106
    0.09240316
   -0.48314628
    0.10002458
   -0.48222786
    0.09312169
   -0.47931316
    0.10343280
   -0.48335795
    0.09023459
   -0.47995183
    0.05895419
    0.04796782
    0.08762050
    0.01202546
    0.06372553
    0.04303461
    0.06188812
    0.34088658
    0.07547492
    0.06527820
    0.03413200
    0.05543924
    0.07015954
    0.34999867
    0.03218596
    0.35086778
    0.03471954
    0.35373934
    0.04093324
    0.36416287
    0.04028786
    0.35947755
    0.04122677
    0.35241436
