           1           2  0.96366159708752153     
           2           3   1.0025010810316421     
           3           4  0.95708536296585167     
           4           5  0.95847892873078366     
           5           6  0.97343374915122471     
           6           7   1.0120315999636122     
           5           8  0.97430039361534160     
           8           9  0.95667524930926395     
           9          10  0.96522135300411249     
          10          11  0.98137551441618331     
          11          12  0.95803355616239472     
          12          13  0.97296166881411816     
          13          14   1.0094568995218447     
          12          15  0.96383788749356358     
          15          16   1.0048086849807776     
          15          17  0.96851524335840100     
          17          18  0.99678055696573820     
          10          19  0.95877540714204212     
          17          19  0.96962264339173798     
          19          20   1.0040244706156674     
           8          21  0.96681073350658808     
          21          22   1.0030033437174850     
           3          23  0.95443798160727100     
          21          23  0.96704626393025828     
          23          24   1.0028304968830704     
           1          25  0.98087546974379103     
           1          26  0.97832594593310884     
           1          27  0.97759913231885831     
           3          28  0.94255764764244232     
           5          29  0.95667930950888702     
           6          30  0.96354793665643856     
           6          31  0.97005093166837841     
           7          32  0.86530843433023841     
           8          33  0.94483325361350723     
          10          34  0.94552172727661676     
          12          35  0.94615545890296815     
          13          36  0.96875638218840154     
          13          37  0.96802347793951038     
          14          38  0.86456460846437588     
          15          39  0.95523583346380592     
          16          40  0.83989096957035136     
          17          41  0.95437015959700933     
          18          42  0.85838905643763819     
          19          43  0.95455335166466848     
          20          44  0.84904586311277719     
          21          45  0.94192192419691789     
          22          46  0.85542825171787040     
          23          47  0.95403111270102892     
          24          48  0.85631301484019529     
