    0.01989628
   -0.31188290
    0.25040374
   -0.35052750
    0.09323646
    0.07985038
   -0.46387816
    0.09247274
   -0.34107147
    0.23894099
   -0.34319075
    0.07957366
    0.06729509
   -0.46708559
    0.07976874
   -0.46410453
    0.09577580
   -0.48120062
    0.10085579
   -0.46987360
    0.08795397
   -0.46684049
    0.09029649
   -0.47754312
    0.05878426
    0.05120605
    0.08968178
    0.00504688
    0.03900180
    0.04643336
    0.05742972
    0.34112758
    0.04342564
    0.05180690
    0.04242456
    0.04795320
    0.07807260
    0.33728176
    0.06395662
    0.33931947
    0.02545902
    0.35419529
    0.03375186
    0.36186495
    0.06363178
    0.33434792
    0.03743886
    0.35723674
