           1           2  0.96228316179051387     
           2           3   1.0185024775633673     
           3           4  0.94771208490078496     
           4           5  0.96745553547221341     
           5           6  0.97686197796911611     
           6           7   1.0144972186371564     
           5           8  0.96064083959492119     
           8           9  0.96899407984954478     
           9          10  0.95576583666977399     
          10          11  0.99719351832319414     
          11          12  0.94415079204415808     
          12          13  0.97481184622087758     
          13          14   1.0132741289079450     
          12          15  0.96604291189753289     
          15          16   1.0057760534719691     
          15          17  0.96324556122375926     
          17          18  0.99994096656632514     
          10          19  0.95611049045346208     
          17          19  0.96918146917489489     
          19          20   1.0121416296338634     
           8          21  0.96251232868044279     
          21          22   1.0017552491895341     
           3          23  0.95822606055782567     
          21          23  0.96224913281633850     
          23          24   1.0059661572367886     
           1          25  0.98013903478968234     
           1          26  0.97791575964899347     
           1          27  0.97736982754725521     
           3          28  0.94181923641347887     
           5          29  0.95546544925083476     
           6          30  0.96100203827197250     
           6          31  0.96081021434555214     
           7          32  0.86863409713292328     
           8          33  0.95485207964692187     
          10          34  0.94423569014104314     
          12          35  0.94945075162472525     
          13          36  0.96732045678410383     
          13          37  0.96603519703150087     
          14          38  0.87285716946100189     
          15          39  0.95595330800508127     
          16          40  0.86651330799664628     
          17          41  0.94931135134248013     
          18          42  0.85303684872568875     
          19          43  0.95363734400046951     
          20          44  0.85084041918616082     
          21          45  0.95734205458846222     
          22          46  0.86975730535010976     
          23          47  0.95335614154334258     
          24          48  0.85331570915847454     
