    0.01302880
   -0.32888237
    0.24792269
   -0.36254472
    0.09532076
    0.07034059
   -0.48919743
    0.09299997
   -0.33977561
    0.23976133
   -0.36383614
    0.07826305
    0.06867704
   -0.48324989
    0.08779215
   -0.48397928
    0.09277160
   -0.50374180
    0.09674812
   -0.49679696
    0.09358767
   -0.48499590
    0.09714045
   -0.49554828
    0.06465290
    0.05726210
    0.09728594
    0.01204615
    0.04505735
    0.06217682
    0.06270339
    0.37094917
    0.04300974
    0.05425963
    0.06706681
    0.04846590
    0.06966562
    0.34924782
    0.05204662
    0.35832155
    0.03837127
    0.36985331
    0.03717546
    0.38202032
    0.03864260
    0.35256777
    0.04362466
    0.38172126
