           1           2  0.95515357334171824     
           2           3   1.0161053247715415     
           3           4  0.94622224307153624     
           4           5  0.96595979883099281     
           5           6  0.96985317075672395     
           6           7   1.0146978163441613     
           5           8  0.96725927746847562     
           8           9  0.96224380817115152     
           9          10  0.97234020186624603     
          10          11  0.97792700210073957     
          11          12  0.94579222263375529     
          12          13  0.97691895803456508     
          13          14   1.0113703366622870     
          12          15  0.96957867664687070     
          15          16   1.0047346059500302     
          15          17  0.95934934959924689     
          17          18  0.99748254622333377     
          10          19  0.95668386882085543     
          17          19  0.97154956060105457     
          19          20   1.0038257006651610     
           8          21  0.95988842833617116     
          21          22  0.99834913004949044     
           3          23  0.95859205021444038     
          21          23  0.96819935974432314     
          23          24   1.0074642185521527     
           1          25  0.98019377084328063     
           1          26  0.97791831010404406     
           1          27  0.97637541108694070     
           3          28  0.94181952867124918     
           5          29  0.95405857601788635     
           6          30  0.96470254132930489     
           6          31  0.96949757412764825     
           7          32  0.84750724027714786     
           8          33  0.95924229476510559     
          10          34  0.94732985908131451     
          12          35  0.94451295391329282     
          13          36  0.96554317672343448     
          13          37  0.96918260587289673     
          14          38  0.86077298720207696     
          15          39  0.95777478536632321     
          16          40  0.85357329244933744     
          17          41  0.95475192190037239     
          18          42  0.84245383461338230     
          19          43  0.95571720107886793     
          20          44  0.83730698929175995     
          21          45  0.95886544512870686     
          22          46  0.85440301094199289     
          23          47  0.95607699168166416     
          24          48  0.83778515983212654     
