    0.03327309
   -0.28424457
    0.24927060
   -0.34393010
    0.09266179
    0.06911268
   -0.42991790
    0.08815816
   -0.36449054
    0.23686603
   -0.32712740
    0.08931903
    0.07112366
   -0.43083012
    0.08663823
   -0.43746357
    0.10171512
   -0.44450338
    0.09681071
   -0.44915136
    0.09488799
   -0.45061731
    0.09774079
   -0.43053721
    0.04569549
    0.04011763
    0.07416371
    0.00631150
    0.03797065
    0.04337386
    0.06634126
    0.30616772
    0.05767049
    0.05126175
    0.04497742
    0.03760642
    0.06937271
    0.30720923
    0.05157788
    0.31488626
    0.04614728
    0.30924417
    0.04136245
    0.31885509
    0.03791529
    0.30724017
    0.05162465
    0.31814251
