           1           2  0.97642679513475727     
           2           3   1.0187063292287923     
           3           4  0.94657242947580611     
           4           5  0.97082378578375339     
           5           6  0.97388981010090547     
           6           7   1.0157193395409554     
           5           8  0.96386437375083711     
           8           9  0.95731114890539670     
           9          10  0.94347887905245043     
          10          11   1.0089297853750103     
          11          12  0.94596484893269839     
          12          13  0.97821174293378887     
          13          14   1.0153056034186445     
          12          15  0.96122000432648502     
          15          16   1.0123191121292663     
          15          17  0.95625265626833100     
          17          18   1.0012841609152998     
          10          19  0.94564333002020129     
          17          19  0.97433072293499645     
          19          20  0.99912565634611605     
           8          21  0.96509244980173770     
          21          22  0.99257767153251930     
           3          23  0.95961283407379949     
          21          23  0.96828491377517556     
          23          24   1.0078652253965046     
           1          25  0.97997293220863535     
           1          26  0.97734531516976708     
           1          27  0.97941107528945281     
           3          28  0.94208359874894421     
           5          29  0.95575575788620215     
           6          30  0.96512894312119102     
           6          31  0.95806779270202269     
           7          32  0.88973838691940621     
           8          33  0.95093474553015644     
          10          34  0.94811757844180211     
          12          35  0.95404194164376266     
          13          36  0.96717103029400520     
          13          37  0.96847186494295445     
          14          38  0.88797459243996868     
          15          39  0.95764304416922008     
          16          40  0.87903918030534500     
          17          41  0.95576910473439580     
          18          42  0.88750675731784301     
          19          43  0.96161374731834792     
          20          44  0.87494082287034436     
          21          45  0.95664906485866574     
          22          46  0.88518460750106909     
          23          47  0.95499447633279366     
          24          48  0.88221835406255622     
