    0.02517225
   -0.35503879
    0.23675392
   -0.34328531
    0.09344355
    0.07539963
   -0.47385205
    0.10133383
   -0.36590456
    0.23920396
   -0.32807106
    0.08945953
    0.06656482
   -0.45811111
    0.08584923
   -0.46992400
    0.10207933
   -0.48641325
    0.09728104
   -0.46975038
    0.10128856
   -0.47093696
    0.08933746
   -0.47935208
    0.05700050
    0.05082667
    0.08306201
    0.02978467
    0.05540737
    0.03617539
    0.06493574
    0.34213709
    0.05310348
    0.04568842
    0.04493719
    0.04521510
    0.07081674
    0.32368331
    0.05714895
    0.34009176
    0.04846082
    0.35725743
    0.04186415
    0.34691693
    0.06941736
    0.33514252
    0.04332172
    0.35507712
