           1           2  0.96319244170502150     
           2           3  0.97612840269942769     
           3           4  0.98131201696388393     
           4           5  0.95159045199026460     
           5           6  0.97856385320092765     
           6           7   1.0103876060053272     
           5           8  0.97069485357430585     
           8           9  0.96498166789479267     
           9          10  0.93975868228404413     
          10          11   1.0099477067384826     
          11          12  0.94620856577078194     
          12          13  0.97949543875810985     
          13          14   1.0092791368677716     
          12          15  0.96077559789862421     
          15          16   1.0087735933496225     
          15          17  0.95674179088651068     
          17          18   1.0037883229434370     
          10          19  0.94699255504973912     
          17          19  0.97422047410479629     
          19          20   1.0025272549662829     
           8          21  0.95669162292657806     
          21          22   1.0079937144729090     
           3          23  0.95485813076704884     
          21          23  0.96452716109597603     
          23          24   1.0054266661020959     
           1          25  0.97977641435941343     
           1          26  0.97791889032755930     
           1          27  0.97784933823297926     
           3          28  0.94399796732221886     
           5          29  0.95671982721400162     
           6          30  0.96392419447939393     
           6          31  0.95986010743102146     
           7          32  0.86822182771966350     
           8          33  0.95009985246637529     
          10          34  0.94935455000184810     
          12          35  0.95355348942552642     
          13          36  0.96765681194153708     
          13          37  0.96897271947025476     
          14          38  0.87891891729670624     
          15          39  0.95769690908293681     
          16          40  0.86227660220464353     
          17          41  0.95572676354269881     
          18          42  0.85661335499802393     
          19          43  0.96178655339236996     
          20          44  0.85948823067327451     
          21          45  0.95727819474262621     
          22          46  0.86225880621655526     
          23          47  0.95751316016963017     
          24          48  0.85806581802377901     
