    0.03022087
   -0.28523627
    0.24692122
   -0.33919238
    0.09295168
    0.07560511
   -0.43637417
    0.08591729
   -0.33741676
    0.24074652
   -0.32206702
    0.08442880
    0.06628532
   -0.43351182
    0.09318249
   -0.45587303
    0.09272924
   -0.45218995
    0.09114925
   -0.44907061
    0.09022661
   -0.45846286
    0.08903899
   -0.43399657
    0.05296924
    0.04081074
    0.07299749
    0.01077222
    0.03737842
    0.07249724
    0.02954480
    0.30870726
    0.04988562
    0.04822443
    0.04722204
    0.05129868
    0.07003516
    0.30277549
    0.02960967
    0.32159153
    0.06239145
    0.31730891
    0.03885385
    0.32969044
    0.05289426
    0.31932605
    0.03889702
    0.31830608
