           1           2  0.97368681188576700     
           2           3   1.0205401608039952     
           3           4  0.94405672283718123     
           4           5  0.98096473119604166     
           5           6  0.97330817406401171     
           6           7   1.0189276135888790     
           5           8  0.95800392228796194     
           8           9  0.95274515031290652     
           9          10  0.96666393882591661     
          10          11  0.99200561989567859     
          11          12  0.95705011663170525     
          12          13  0.97670224861278077     
          13          14   1.0036423238203829     
          12          15  0.96418452087491147     
          15          16   1.0041628433383278     
          15          17  0.96999427280585648     
          17          18  0.99288931977016004     
          10          19  0.95396157256627889     
          17          19  0.97313432675574219     
          19          20  0.99259456017157299     
           8          21  0.97070616803931098     
          21          22   1.0027132813772794     
           3          23  0.95972358707947170     
          21          23  0.95658143609774005     
          23          24   1.0088981602034037     
           1          25  0.97997158025341757     
           1          26  0.97772032797278374     
           1          27  0.97981773274164863     
           3          28  0.94101553683228900     
           5          29  0.95419227676550533     
           6          30  0.96758495675379219     
           6          31  0.96633498769696224     
           7          32  0.87584051165732624     
           8          33  0.95755170085837749     
          10          34  0.94695910997395938     
          12          35  0.95692421076192713     
          13          36  0.96880726636905623     
          13          37  0.96844164218283990     
          14          38  0.89411791351568204     
          15          39  0.95489107586370114     
          16          40  0.85850410924790976     
          17          41  0.94751504534407482     
          18          42  0.88151669883317874     
          19          43  0.95675959087836704     
          20          44  0.87094521072599917     
          21          45  0.95801274482065968     
          22          46  0.84865568808075653     
          23          47  0.95437602015259659     
          24          48  0.87671665073873806     
