    0.01999741
   -0.31223983
    0.25103920
   -0.34745187
    0.09383631
    0.07224191
   -0.46612201
    0.08494969
   -0.34204574
    0.23471101
   -0.34289395
    0.07736451
    0.06451021
   -0.46891356
    0.09362037
   -0.48296335
    0.10309819
   -0.48443479
    0.09264749
   -0.47924691
    0.08672339
   -0.46142865
    0.09212873
   -0.47695967
    0.05847466
    0.05073796
    0.08948090
    0.00462532
    0.03974081
    0.05034375
    0.06603273
    0.33865026
    0.05657614
    0.06251881
    0.06201979
    0.05291748
    0.06625079
    0.34945487
    0.02653740
    0.35011903
    0.02886040
    0.35338825
    0.03745674
    0.36215713
    0.06712669
    0.32899151
    0.03690918
    0.35846132
