           1           2  0.96282047773315393     
           2           3   1.0170794440350543     
           3           4  0.94993190953557793     
           4           5  0.96899354649696090     
           5           6  0.97597550386152210     
           6           7   1.0130097845049246     
           5           8  0.95808701631831505     
           8           9  0.95949808029578221     
           9          10  0.97070572804219557     
          10          11  0.98305064115741092     
          11          12  0.95228920057456201     
          12          13  0.97528279868918044     
          13          14   1.0073301835778141     
          12          15  0.96545121370868048     
          15          16   1.0042627064552454     
          15          17  0.96992964882999277     
          17          18  0.99625697472172059     
          10          19  0.95591438677335860     
          17          19  0.96928415080302854     
          19          20   1.0045133094335950     
           8          21  0.96180443356898793     
          21          22  0.99598685264556786     
           3          23  0.95859898558011403     
          21          23  0.96444335453758667     
          23          24   1.0068257579152124     
           1          25  0.98024785520619073     
           1          26  0.97787949038945876     
           1          27  0.97740201130165349     
           3          28  0.94111183235716944     
           5          29  0.95505760799749839     
           6          30  0.96581442458694378     
           6          31  0.96836965571421030     
           7          32  0.87065482922260828     
           8          33  0.95231243312143055     
          10          34  0.94452599952625782     
          12          35  0.94669564866576872     
          13          36  0.96875376211214714     
          13          37  0.96895192914765038     
          14          38  0.86464756447341751     
          15          39  0.95511870154154810     
          16          40  0.83825937673845952     
          17          41  0.94981363735681534     
          18          42  0.85748651792169883     
          19          43  0.95599982028117958     
          20          44  0.85142149257757549     
          21          45  0.95682653246246618     
          22          46  0.86812011521742094     
          23          47  0.95234722745393208     
          24          48  0.85227859630455094     
