    0.01887464
   -0.36515973
    0.23332249
   -0.35076223
    0.09156690
    0.07487086
   -0.49440900
    0.09382832
   -0.35732152
    0.24014141
   -0.34277041
    0.08376612
    0.06391379
   -0.49176508
    0.09346293
   -0.49752366
    0.10125168
   -0.50084475
    0.09423816
   -0.48991599
    0.10148004
   -0.47064515
    0.08787877
   -0.50284106
    0.05544641
    0.05631388
    0.09044133
    0.03846147
    0.06127577
    0.03620692
    0.06286758
    0.36503967
    0.05623606
    0.04492334
    0.05275531
    0.05739473
    0.06925773
    0.37284690
    0.03127448
    0.36357888
    0.04155691
    0.37188386
    0.03278970
    0.37392101
    0.06949965
    0.34726965
    0.05340325
    0.38071797
