           1           2  0.96160182052104437     
           2           3  0.97723915514241200     
           3           4  0.97432903206090582     
           4           5  0.95464116592931569     
           5           6  0.97928284308716573     
           6           7   1.0114158319263580     
           5           8  0.96847789010967988     
           8           9  0.95578274146286435     
           9          10  0.96252654680044269     
          10          11  0.99114367584053753     
          11          12  0.94718576719276415     
          12          13  0.97495014097344457     
          13          14   1.0089990381947744     
          12          15  0.96503106737157007     
          15          16   1.0034261796467008     
          15          17  0.96763618787784056     
          17          18  0.99720654871526715     
          10          19  0.95403944153101528     
          17          19  0.97213257316291024     
          19          20   1.0065215007454527     
           8          21  0.96085263729444537     
          21          22   1.0133485366827997     
           3          23  0.95627236870906018     
          21          23  0.95917201474070823     
          23          24   1.0056878471873747     
           1          25  0.98032935639978269     
           1          26  0.97774978078045838     
           1          27  0.97699601654400592     
           3          28  0.94483533952994514     
           5          29  0.95557179224350430     
           6          30  0.96682678839250147     
           6          31  0.96848642121166739     
           7          32  0.85253177707691052     
           8          33  0.95690534600664190     
          10          34  0.94775126461442194     
          12          35  0.95775470292045595     
          13          36  0.96857765955719988     
          13          37  0.96805985738280920     
          14          38  0.84858784634415474     
          15          39  0.95557098201045265     
          16          40  0.83312313768167146     
          17          41  0.95542995237913830     
          18          42  0.84571546418252808     
          19          43  0.95313552912438182     
          20          44  0.84067756146159545     
          21          45  0.95557555119786231     
          22          46  0.85713683247901462     
          23          47  0.95778694011850662     
          24          48  0.83957871660645322     
