    0.03234782
   -0.28717696
    0.24781068
   -0.34286495
    0.09217304
    0.07100831
   -0.42667004
    0.09046123
   -0.30702639
    0.23524004
   -0.35381999
    0.08149900
    0.06914264
   -0.43390769
    0.07559296
   -0.43709080
    0.08916047
   -0.43765812
    0.07912703
   -0.43171197
    0.08776299
   -0.44853104
    0.08970684
   -0.43288411
    0.04752009
    0.04211234
    0.07374284
    0.01120602
    0.03918799
    0.05249439
    0.06603790
    0.30414882
    0.04462566
    0.04315550
    0.05269318
    0.02766487
    0.06514908
    0.31619290
    0.05855181
    0.29784044
    0.03550983
    0.31185672
    0.08335987
    0.30036999
    0.06489832
    0.30728014
    0.03606406
    0.31664627
