           1           2  0.97477750491675652     
           2           3   1.0185703447463059     
           3           4  0.94833639386106849     
           4           5  0.96987562855855902     
           5           6  0.97492782460647642     
           6           7   1.0154209825007063     
           5           8  0.96277949921153771     
           8           9  0.95721958241614646     
           9          10   1.0046507423193414     
          10          11  0.94959177134317641     
          11          12  0.95619197228481367     
          12          13  0.96856515760569550     
          13          14   1.0218293133473462     
          12          15  0.96584614983509953     
          15          16   1.0018714134354103     
          15          17  0.95893653320578653     
          17          18   1.0063595801348304     
          10          19  0.94786062663135373     
          17          19  0.95873493312967961     
          19          20   1.0093365855354552     
           8          21  0.96851492015659957     
          21          22  0.99410878140121828     
           3          23  0.95804304493782577     
          21          23  0.96042756063115797     
          23          24   1.0081687487685758     
           1          25  0.98006972499607703     
           1          26  0.97749724336619948     
           1          27  0.97952033330667443     
           3          28  0.94145247822355838     
           5          29  0.95562010213468240     
           6          30  0.96388387225043259     
           6          31  0.96849460161178025     
           7          32  0.88979143253032211     
           8          33  0.95474651421295675     
          10          34  0.94751224506246257     
          12          35  0.95824546789946252     
          13          36  0.96645241160560302     
          13          37  0.96818046674445724     
          14          38  0.87597674691061778     
          15          39  0.95571302172359307     
          16          40  0.89145470076120648     
          17          41  0.95441650303087888     
          18          42  0.88383526853648942     
          19          43  0.95501313141542177     
          20          44  0.88361317423565944     
          21          45  0.95736232840012492     
          22          46  0.87880621601594200     
          23          47  0.95435832573150936     
          24          48  0.88017537781416910     
