    0.01628019
   -0.34092523
    0.24349104
   -0.35887867
    0.09736886
    0.06263905
   -0.49567915
    0.09134338
   -0.36972878
    0.23606248
   -0.34462488
    0.08317388
    0.06454083
   -0.48655172
    0.09374968
   -0.49866624
    0.10271321
   -0.50236612
    0.09341432
   -0.49668768
    0.10936764
   -0.50157477
    0.08884281
   -0.50030477
    0.06088967
    0.05171044
    0.09454264
    0.01358398
    0.03842699
    0.05351846
    0.07923154
    0.36481304
    0.08443599
    0.05669334
    0.05214749
    0.05573583
    0.07012640
    0.36868154
    0.03346701
    0.36466283
    0.03012717
    0.37326591
    0.04181012
    0.38301092
    0.03901402
    0.38085909
    0.04952428
    0.37272195
