           1           2  0.95866451249993823     
           2           3   1.0024791246807041     
           3           4  0.95145523790584652     
           4           5  0.96344148678090880     
           5           6  0.97111394715347232     
           6           7   1.0134092719817791     
           5           8  0.96957316538982197     
           8           9  0.94980061174812191     
           9          10  0.95915184893120520     
          10          11  0.98825509494300645     
          11          12  0.94852454851181212     
          12          13  0.97431933134985027     
          13          14   1.0090560669027235     
          12          15  0.96493852527992940     
          15          16   1.0039034666220925     
          15          17  0.96895533195231442     
          17          18  0.99648077679591351     
          10          19  0.95685856984393880     
          17          19  0.97059469731581105     
          19          20   1.0051024820938474     
           8          21  0.96907255063624254     
          21          22   1.0064031624098362     
           3          23  0.95419869972564875     
          21          23  0.96258050796890915     
          23          24   1.0009712761693759     
           1          25  0.98080001306891518     
           1          26  0.97866745384332643     
           1          27  0.97665367658445146     
           3          28  0.94353451653570131     
           5          29  0.95469070838122261     
           6          30  0.96618129399534258     
           6          31  0.96509222090149982     
           7          32  0.85312422181581182     
           8          33  0.94641038232311325     
          10          34  0.94637500777959460     
          12          35  0.95482498708923269     
          13          36  0.96874719276686150     
          13          37  0.96809602877387946     
          14          38  0.85153934754103766     
          15          39  0.95533831434076777     
          16          40  0.83009795885487403     
          17          41  0.94651546483425519     
          18          42  0.84433063241629303     
          19          43  0.95355983728623339     
          20          44  0.83450491241146818     
          21          45  0.94433858345459831     
          22          46  0.83905840880913019     
          23          47  0.95538325263362922     
          24          48  0.84565285999684903     
