    0.01371962
   -0.33399849
    0.24064641
   -0.35610070
    0.09379919
    0.07284726
   -0.48764610
    0.09582753
   -0.34306303
    0.23822611
   -0.35725296
    0.08680056
    0.06748487
   -0.48611988
    0.08298026
   -0.48741915
    0.09427355
   -0.50267238
    0.09923101
   -0.49145525
    0.10481342
   -0.49517096
    0.08813288
   -0.49435938
    0.06288149
    0.05587426
    0.09664293
    0.00500780
    0.04622804
    0.05121126
    0.06763280
    0.36187588
    0.04806985
    0.05645814
    0.04491274
    0.04785158
    0.07881674
    0.35197446
    0.06213615
    0.35895411
    0.03584349
    0.37138074
    0.03441524
    0.37917527
    0.04486793
    0.37425549
    0.04511985
    0.37488936
