           1           2  0.95580411040597968     
           2           3   1.0094505858019447     
           3           4  0.95106687409448987     
           4           5  0.96487742625838502     
           5           6  0.97451764700114518     
           6           7   1.0144532804967588     
           5           8  0.96365842433051618     
           8           9  0.96174126053864362     
           9          10  0.97567052694026479     
          10          11  0.97474834907962737     
          11          12  0.94823224787539662     
          12          13  0.97623264051036096     
          13          14   1.0111496125820800     
          12          15  0.96494274600166552     
          15          16   1.0037528910928979     
          15          17  0.96405516485018650     
          17          18  0.99728182608993854     
          10          19  0.95358473543040279     
          17          19  0.96952959059018040     
          19          20   1.0101014590579611     
           8          21  0.97045827859177014     
          21          22   1.0034161211999837     
           3          23  0.95175335626429525     
          21          23  0.96674033410577331     
          23          24   1.0048639922594580     
           1          25  0.98068784918979601     
           1          26  0.97824391438343072     
           1          27  0.97619691552249488     
           3          28  0.94185845359353937     
           5          29  0.95447197936481620     
           6          30  0.96654464069843127     
           6          31  0.96301222466708702     
           7          32  0.85664094795472578     
           8          33  0.95657230652834646     
          10          34  0.94766723420831800     
          12          35  0.95495579485988880     
          13          36  0.96716756502286705     
          13          37  0.96687621135705859     
          14          38  0.86163822714587834     
          15          39  0.95674377034203217     
          16          40  0.85337430470853781     
          17          41  0.95413995403501561     
          18          42  0.84214685813615819     
          19          43  0.95499062082640684     
          20          44  0.83861698748652247     
          21          45  0.95654519501239188     
          22          46  0.84408951986819691     
          23          47  0.95619825105113843     
          24          48  0.84260813059231465     
