    0.01514605
   -0.32882601
    0.24988043
   -0.35627749
    0.09351392
    0.06969984
   -0.48743260
    0.08648400
   -0.35422617
    0.23155662
   -0.35706539
    0.07734919
    0.06449283
   -0.49191177
    0.09391390
   -0.49732913
    0.10355615
   -0.50405524
    0.09253223
   -0.49845341
    0.08811297
   -0.47780223
    0.09284301
   -0.49906383
    0.06137946
    0.05516986
    0.09677405
    0.00853716
    0.04440905
    0.05370936
    0.07259021
    0.35558485
    0.05709595
    0.07489618
    0.06424420
    0.05398352
    0.06586547
    0.37159601
    0.02895139
    0.36356448
    0.02999650
    0.37254077
    0.04133297
    0.38084099
    0.07073648
    0.34639163
    0.04259278
    0.38057882
