           1           2  0.95760150171437219     
           2           3   1.0135432235507911     
           3           4  0.94954861228040988     
           4           5  0.96514329552987121     
           5           6  0.97648440053960406     
           6           7   1.0108509651407520     
           5           8  0.95864013201126796     
           8           9  0.95457728179162327     
           9          10  0.97056228436617575     
          10          11  0.97861504792496734     
          11          12  0.94911863060867707     
          12          13  0.97405001672210101     
          13          14   1.0077086391589520     
          12          15  0.96597144009437663     
          15          16   1.0029416173835206     
          15          17  0.97016628193581589     
          17          18  0.99605520289250404     
          10          19  0.95536105079662648     
          17          19  0.96838325942630976     
          19          20   1.0050901798311369     
           8          21  0.96272077772569009     
          21          22  0.99563023437473219     
           3          23  0.95912112167928731     
          21          23  0.96362600100522056     
          23          24   1.0062709136310775     
           1          25  0.98042720637051983     
           1          26  0.97796409782125671     
           1          27  0.97621632776123701     
           3          28  0.94186327514312329     
           5          29  0.95463063972153284     
           6          30  0.96601750091395155     
           6          31  0.96642386749348330     
           7          32  0.85978793045951174     
           8          33  0.95251651796951498     
          10          34  0.94328393251052911     
          12          35  0.94463295627648891     
          13          36  0.96893905534947022     
          13          37  0.96892649640345851     
          14          38  0.84925951725602034     
          15          39  0.95529101475196221     
          16          40  0.83146128926799356     
          17          41  0.95075739847719554     
          18          42  0.84400414476181762     
          19          43  0.95612706782403689     
          20          44  0.83766163473451660     
          21          45  0.95664096835301449     
          22          46  0.85816258398126077     
          23          47  0.95241613194228592     
          24          48  0.83760552390733167     
