    0.03540709
   -0.31330239
    0.24032899
   -0.35290319
    0.09252092
    0.06628748
   -0.42639955
    0.07943366
   -0.33358459
    0.23445723
   -0.32677993
    0.07588331
    0.07200855
   -0.42800863
    0.07967061
   -0.44046990
    0.09198343
   -0.45132024
    0.09220143
   -0.44404632
    0.10751998
   -0.44255148
    0.09193985
   -0.43693170
    0.05038209
    0.03877878
    0.06998456
    0.02063933
    0.05124088
    0.04070839
    0.06746114
    0.30398533
    0.06625747
    0.06202886
    0.06158080
    0.03927222
    0.06570986
    0.30728709
    0.06092462
    0.29956200
    0.02666227
    0.31369343
    0.04087671
    0.32575921
    0.05270197
    0.31366333
    0.04749562
    0.30999942
