           1           2  0.97343743830360974     
           2           3   1.0070093112536886     
           3           4  0.94715161238552714     
           4           5  0.95951728801293379     
           5           6  0.97916978235924135     
           6           7   1.0148622563915053     
           5           8  0.96301584702013132     
           8           9  0.96390389280077238     
           9          10  0.97158294577004600     
          10          11  0.98443284067250969     
          11          12  0.95423927239863837     
          12          13  0.97763019618934655     
          13          14   1.0166925026360254     
          12          15  0.96657040844124331     
          15          16  0.99899131394206830     
          15          17  0.96344746737472498     
          17          18  0.99338913330840872     
          10          19  0.95727250422388366     
          17          19  0.96972303069786192     
          19          20   1.0023197208373071     
           8          21  0.95735270185774368     
          21          22   1.0096624272701564     
           3          23  0.95302738520661434     
          21          23  0.96680906779654596     
          23          24   1.0031055611315622     
           1          25  0.98029413684009348     
           1          26  0.97824685510810117     
           1          27  0.98009562285489726     
           3          28  0.94375645884563608     
           5          29  0.95548012991777476     
           6          30  0.96244642801854230     
           6          31  0.96889930741601105     
           7          32  0.89007875940008241     
           8          33  0.94873202500525866     
          10          34  0.94515901379097855     
          12          35  0.94747487559493293     
          13          36  0.96530609807562506     
          13          37  0.96857448179430294     
          14          38  0.88871984527546488     
          15          39  0.95687110138601339     
          16          40  0.89123845119516654     
          17          41  0.94922503549313064     
          18          42  0.88163006943253597     
          19          43  0.95525419614145091     
          20          44  0.87499351523900892     
          21          45  0.95078634353350466     
          22          46  0.87351685616532393     
          23          47  0.95368587415857242     
          24          48  0.88645727074587144     
