    0.03187792
   -0.28597986
    0.24742428
   -0.34418158
    0.09648402
    0.07395509
   -0.43147735
    0.08902000
   -0.33391133
    0.24045326
   -0.33253809
    0.08675358
    0.06636765
   -0.43397216
    0.09200386
   -0.45716101
    0.10091884
   -0.44815699
    0.09378768
   -0.44326559
    0.09620173
   -0.45849013
    0.09697021
   -0.43252841
    0.04886254
    0.04051780
    0.07330079
    0.00916492
    0.02570236
    0.06343432
    0.03501160
    0.31128025
    0.05354209
    0.05794426
    0.03870418
    0.04938599
    0.07068400
    0.30105847
    0.03040723
    0.32162707
    0.04366545
    0.31825037
    0.03932207
    0.33016524
    0.03067045
    0.32724909
    0.04814526
    0.32134858
