           1           2  0.97522238731130706     
           2           3   1.0193800016189691     
           3           4  0.94234198881460374     
           4           5  0.97402235447424601     
           5           6  0.97409200369048388     
           6           7   1.0192747434772647     
           5           8  0.96299364354326111     
           8           9  0.95655862158549909     
           9          10  0.98364400142101360     
          10          11  0.97387090907248997     
          11          12  0.96426691358455774     
          12          13  0.97723918779683983     
          13          14   1.0025617814788097     
          12          15  0.96370947685315611     
          15          16   1.0030543164766927     
          15          17  0.97017030281605543     
          17          18  0.99668805737015065     
          10          19  0.95330438855127941     
          17          19  0.97388802735410118     
          19          20  0.99720277598887463     
           8          21  0.96535990148532247     
          21          22   1.0066758183328766     
           3          23  0.96050592789530342     
          21          23  0.96650795939821654     
          23          24   1.0084270121363443     
           1          25  0.98007153247835554     
           1          26  0.97760214560624703     
           1          27  0.97968548020068269     
           3          28  0.94239994152954609     
           5          29  0.95689128969472736     
           6          30  0.96722978754699662     
           6          31  0.96628381113653883     
           7          32  0.88250025999740633     
           8          33  0.95342895915662029     
          10          34  0.94531488364896066     
          12          35  0.95572050576595380     
          13          36  0.96862104687808470     
          13          37  0.96833261149857541     
          14          38  0.89504864550142671     
          15          39  0.95523635633161197     
          16          40  0.85834934273301999     
          17          41  0.95437095155419249     
          18          42  0.87980307093819765     
          19          43  0.95588920134036481     
          20          44  0.87044081557439834     
          21          45  0.95453927854307585     
          22          46  0.84701037465683038     
          23          47  0.95493724976310423     
          24          48  0.87891516027476579     
