    0.02037491
   -0.31279105
    0.25137471
   -0.34805350
    0.09436645
    0.06991921
   -0.46619585
    0.08862832
   -0.34021583
    0.23146366
   -0.34900936
    0.07528876
    0.06472132
   -0.46964657
    0.09342557
   -0.48434918
    0.10547780
   -0.48414923
    0.09221331
   -0.47729172
    0.08565581
   -0.46254392
    0.09256346
   -0.47733579
    0.05777785
    0.05053868
    0.08941001
    0.00437376
    0.04024757
    0.04843645
    0.07612559
    0.33605230
    0.04563364
    0.07530034
    0.06397435
    0.05281434
    0.06454347
    0.34972186
    0.02627480
    0.35052390
    0.02335218
    0.35332344
    0.03651223
    0.36027244
    0.07157004
    0.33181637
    0.03871643
    0.35879667
