           1           2  0.96315043099952247     
           2           3   1.0161736201626868     
           3           4  0.95046250728107073     
           4           5  0.96774294936122007     
           5           6  0.97661392981181683     
           6           7   1.0116446511675414     
           5           8  0.95787065659372217     
           8           9  0.95871616185792929     
           9          10  0.97611808737698746     
          10          11  0.97755523557006174     
          11          12  0.95321433974854308     
          12          13  0.97378701336587237     
          13          14   1.0073892781270639     
          12          15  0.96549678152693419     
          15          16   1.0031719869169007     
          15          17  0.97091232040486575     
          17          18  0.99608490977336350     
          10          19  0.95322246076953721     
          17          19  0.96841906696314350     
          19          20   1.0065534616713301     
           8          21  0.96230809647788407     
          21          22  0.99490970131287659     
           3          23  0.95919328080051025     
          21          23  0.96337089726333869     
          23          24   1.0066755519751593     
           1          25  0.98027272196606874     
           1          26  0.97792874520183060     
           1          27  0.97738933058124577     
           3          28  0.94112856208484663     
           5          29  0.95448536881099633     
           6          30  0.96595169750278975     
           6          31  0.96541419835898656     
           7          32  0.87182670062167500     
           8          33  0.95244954509237134     
          10          34  0.94299537701857394     
          12          35  0.94159488960520932     
          13          36  0.96912709278972298     
          13          37  0.96917694957032330     
          14          38  0.86467549897662743     
          15          39  0.95509694094426578     
          16          40  0.83888798399491227     
          17          41  0.94983472444338035     
          18          42  0.85745126469484756     
          19          43  0.95577282016560794     
          20          44  0.85170100666830639     
          21          45  0.95674968684513495     
          22          46  0.86884010669164036     
          23          47  0.95230586283199958     
          24          48  0.85347152599211773     
